#FORMAT=WebAnno TSV 3.3
#T_SP=webanno.custom.Argument|Accuracy|Adequacy|Clarity|KriteriumJahresertragEnergiedichte|KriteriumLebensdauerVerfgbarkeit|KriteriumLokaleEmissionenGeruschemissionen|KriteriumPreisBetrieb|KriteriumSonstiges|KriteriumTreibhausgasemissionen|KriteriumWirkungsgrad|OptionA|OptionB|OptionC
#T_SP=webanno.custom.DecisionMakingStrategies|Decision|Gesamtthese
#T_SP=webanno.custom.Struktur|Struktur
#T_SP=webanno.custom.StrukturTAP|TAPArgumente


1-1	0-6	Meiner	1. Richtig[1]	2. Unangemessen[1]	1. Verständlich[1]	*[1]	*[1]	*[1]	*[1]	*[1]	*[1]	Wirkungsgrad vorhanden[1]	Unklar A[1]	Unklar B[1]	Pro C[1]	2. Cut-off[5]	Gesamtthese[5]	Hauptteil[6]	1. Claim[7]	
1-2	7-14	Meinung	1. Richtig[1]	2. Unangemessen[1]	1. Verständlich[1]	*[1]	*[1]	*[1]	*[1]	*[1]	*[1]	Wirkungsgrad vorhanden[1]	Unklar A[1]	Unklar B[1]	Pro C[1]	2. Cut-off[5]	Gesamtthese[5]	Hauptteil[6]	1. Claim[7]	
1-3	15-19	nach	1. Richtig[1]	2. Unangemessen[1]	1. Verständlich[1]	*[1]	*[1]	*[1]	*[1]	*[1]	*[1]	Wirkungsgrad vorhanden[1]	Unklar A[1]	Unklar B[1]	Pro C[1]	2. Cut-off[5]	Gesamtthese[5]	Hauptteil[6]	1. Claim[7]	
1-4	20-27	sollten	1. Richtig[1]	2. Unangemessen[1]	1. Verständlich[1]	*[1]	*[1]	*[1]	*[1]	*[1]	*[1]	Wirkungsgrad vorhanden[1]	Unklar A[1]	Unklar B[1]	Pro C[1]	2. Cut-off[5]	Gesamtthese[5]	Hauptteil[6]	1. Claim[7]	
1-5	28-37	Windparks	1. Richtig[1]	2. Unangemessen[1]	1. Verständlich[1]	*[1]	*[1]	*[1]	*[1]	*[1]	*[1]	Wirkungsgrad vorhanden[1]	Unklar A[1]	Unklar B[1]	Pro C[1]	2. Cut-off[5]	Gesamtthese[5]	Hauptteil[6]	1. Claim[7]	
1-6	38-42	mehr	1. Richtig[1]	2. Unangemessen[1]	1. Verständlich[1]	*[1]	*[1]	*[1]	*[1]	*[1]	*[1]	Wirkungsgrad vorhanden[1]	Unklar A[1]	Unklar B[1]	Pro C[1]	2. Cut-off[5]	Gesamtthese[5]	Hauptteil[6]	1. Claim[7]	
1-7	43-46	aus	1. Richtig[1]	2. Unangemessen[1]	1. Verständlich[1]	*[1]	*[1]	*[1]	*[1]	*[1]	*[1]	Wirkungsgrad vorhanden[1]	Unklar A[1]	Unklar B[1]	Pro C[1]	2. Cut-off[5]	Gesamtthese[5]	Hauptteil[6]	1. Claim[7]	
1-8	47-53	gebaut	1. Richtig[1]	2. Unangemessen[1]	1. Verständlich[1]	*[1]	*[1]	*[1]	*[1]	*[1]	*[1]	Wirkungsgrad vorhanden[1]	Unklar A[1]	Unklar B[1]	Pro C[1]	2. Cut-off[5]	Gesamtthese[5]	Hauptteil[6]	1. Claim[7]	
1-9	54-60	werden	1. Richtig[1]	2. Unangemessen[1]	1. Verständlich[1]	*[1]	*[1]	*[1]	*[1]	*[1]	*[1]	Wirkungsgrad vorhanden[1]	Unklar A[1]	Unklar B[1]	Pro C[1]	2. Cut-off[5]	Gesamtthese[5]	Hauptteil[6]	1. Claim[7]	
1-10	61-62	,	1. Richtig[1]	2. Unangemessen[1]	1. Verständlich[1]	*[1]	*[1]	*[1]	*[1]	*[1]	*[1]	Wirkungsgrad vorhanden[1]	Unklar A[1]	Unklar B[1]	Pro C[1]	2. Cut-off[5]	Gesamtthese[5]	Hauptteil[6]	1. Claim[7]	
1-11	63-67	denn	1. Richtig[1]	2. Unangemessen[1]	1. Verständlich[1]	*[1]	*[1]	*[1]	*[1]	*[1]	*[1]	Wirkungsgrad vorhanden[1]	Unklar A[1]	Unklar B[1]	Pro C[1]	2. Cut-off[5]	Gesamtthese[5]	Hauptteil[6]	2. Data[8]	
1-12	68-77	Windparks	1. Richtig[1]	2. Unangemessen[1]	1. Verständlich[1]	*[1]	*[1]	*[1]	*[1]	*[1]	*[1]	Wirkungsgrad vorhanden[1]	Unklar A[1]	Unklar B[1]	Pro C[1]	2. Cut-off[5]	Gesamtthese[5]	Hauptteil[6]	2. Data[8]	
1-13	78-83	haben	1. Richtig[1]	2. Unangemessen[1]	1. Verständlich[1]	*[1]	*[1]	*[1]	*[1]	*[1]	*[1]	Wirkungsgrad vorhanden[1]	Unklar A[1]	Unklar B[1]	Pro C[1]	2. Cut-off[5]	Gesamtthese[5]	Hauptteil[6]	2. Data[8]	
1-14	84-87	von	1. Richtig[1]	2. Unangemessen[1]	1. Verständlich[1]	*[1]	*[1]	*[1]	*[1]	*[1]	*[1]	Wirkungsgrad vorhanden[1]	Unklar A[1]	Unklar B[1]	Pro C[1]	2. Cut-off[5]	Gesamtthese[5]	Hauptteil[6]	2. Data[8]	
1-15	88-93	allen	1. Richtig[1]	2. Unangemessen[1]	1. Verständlich[1]	*[1]	*[1]	*[1]	*[1]	*[1]	*[1]	Wirkungsgrad vorhanden[1]	Unklar A[1]	Unklar B[1]	Pro C[1]	2. Cut-off[5]	Gesamtthese[5]	Hauptteil[6]	2. Data[8]	
1-16	94-98	drei	1. Richtig[1]	2. Unangemessen[1]	1. Verständlich[1]	*[1]	*[1]	*[1]	*[1]	*[1]	*[1]	Wirkungsgrad vorhanden[1]	Unklar A[1]	Unklar B[1]	Pro C[1]	2. Cut-off[5]	Gesamtthese[5]	Hauptteil[6]	2. Data[8]	
1-17	99-114	Endergieträgern	1. Richtig[1]	2. Unangemessen[1]	1. Verständlich[1]	*[1]	*[1]	*[1]	*[1]	*[1]	*[1]	Wirkungsgrad vorhanden[1]	Unklar A[1]	Unklar B[1]	Pro C[1]	2. Cut-off[5]	Gesamtthese[5]	Hauptteil[6]	2. Data[8]	
1-18	115-120	einen	1. Richtig[1]	2. Unangemessen[1]	1. Verständlich[1]	*[1]	*[1]	*[1]	*[1]	*[1]	*[1]	Wirkungsgrad vorhanden[1]	Unklar A[1]	Unklar B[1]	Pro C[1]	2. Cut-off[5]	Gesamtthese[5]	Hauptteil[6]	2. Data[8]	
1-19	121-125	sehr	1. Richtig[1]	2. Unangemessen[1]	1. Verständlich[1]	*[1]	*[1]	*[1]	*[1]	*[1]	*[1]	Wirkungsgrad vorhanden[1]	Unklar A[1]	Unklar B[1]	Pro C[1]	2. Cut-off[5]	Gesamtthese[5]	Hauptteil[6]	2. Data[8]	
1-20	126-131	hohen	1. Richtig[1]	2. Unangemessen[1]	1. Verständlich[1]	*[1]	*[1]	*[1]	*[1]	*[1]	*[1]	Wirkungsgrad vorhanden[1]	Unklar A[1]	Unklar B[1]	Pro C[1]	2. Cut-off[5]	Gesamtthese[5]	Hauptteil[6]	2. Data[8]	
1-21	132-145	Wirkungsgrand	1. Richtig[1]	2. Unangemessen[1]	1. Verständlich[1]	*[1]	*[1]	*[1]	*[1]	*[1]	*[1]	Wirkungsgrad vorhanden[1]	Unklar A[1]	Unklar B[1]	Pro C[1]	2. Cut-off[5]	Gesamtthese[5]	Hauptteil[6]	2. Data[8]	
1-22	146-149	mit	1. Richtig[1]	2. Unangemessen[1]	1. Verständlich[1]	*[1]	*[1]	*[1]	*[1]	*[1]	*[1]	Wirkungsgrad vorhanden[1]	Unklar A[1]	Unklar B[1]	Pro C[1]	2. Cut-off[5]	Gesamtthese[5]	Hauptteil[6]	2. Data[8]	
1-23	150-153	45%	1. Richtig[1]	2. Unangemessen[1]	1. Verständlich[1]	*[1]	*[1]	*[1]	*[1]	*[1]	*[1]	Wirkungsgrad vorhanden[1]	Unklar A[1]	Unklar B[1]	Pro C[1]	2. Cut-off[5]	Gesamtthese[5]	Hauptteil[6]	2. Data[8]	
1-24	153-154	.	1. Richtig[1]	2. Unangemessen[1]	1. Verständlich[1]	*[1]	*[1]	*[1]	*[1]	*[1]	*[1]	Wirkungsgrad vorhanden[1]	Unklar A[1]	Unklar B[1]	Pro C[1]	2. Cut-off[5]	Gesamtthese[5]	Hauptteil[6]	2. Data[8]	

2-1	156-164	Außerdem	1. Richtig[2]	1. Angemessen[2]	1. Verständlich[2]	Jahresertrag/Energiedichte Vorhanden[2]	*[2]	*[2]	*[2]	*[2]	*[2]	*[2]	*[2]	*[2]	Pro C[2]	_	_	Hauptteil[6]	2. Data[9]	
2-2	165-168	ist	1. Richtig[2]	1. Angemessen[2]	1. Verständlich[2]	Jahresertrag/Energiedichte Vorhanden[2]	*[2]	*[2]	*[2]	*[2]	*[2]	*[2]	*[2]	*[2]	Pro C[2]	_	_	Hauptteil[6]	2. Data[9]	
2-3	169-172	der	1. Richtig[2]	1. Angemessen[2]	1. Verständlich[2]	Jahresertrag/Energiedichte Vorhanden[2]	*[2]	*[2]	*[2]	*[2]	*[2]	*[2]	*[2]	*[2]	Pro C[2]	_	_	Hauptteil[6]	2. Data[9]	
2-4	173-185	Jahresertrag	1. Richtig[2]	1. Angemessen[2]	1. Verständlich[2]	Jahresertrag/Energiedichte Vorhanden[2]	*[2]	*[2]	*[2]	*[2]	*[2]	*[2]	*[2]	*[2]	Pro C[2]	_	_	Hauptteil[6]	2. Data[9]	
2-5	186-189	mit	1. Richtig[2]	1. Angemessen[2]	1. Verständlich[2]	Jahresertrag/Energiedichte Vorhanden[2]	*[2]	*[2]	*[2]	*[2]	*[2]	*[2]	*[2]	*[2]	Pro C[2]	_	_	Hauptteil[6]	2. Data[9]	
2-6	190-192	40	1. Richtig[2]	1. Angemessen[2]	1. Verständlich[2]	Jahresertrag/Energiedichte Vorhanden[2]	*[2]	*[2]	*[2]	*[2]	*[2]	*[2]	*[2]	*[2]	Pro C[2]	_	_	Hauptteil[6]	2. Data[9]	
2-7	193-196	GWh	1. Richtig[2]	1. Angemessen[2]	1. Verständlich[2]	Jahresertrag/Energiedichte Vorhanden[2]	*[2]	*[2]	*[2]	*[2]	*[2]	*[2]	*[2]	*[2]	Pro C[2]	_	_	Hauptteil[6]	2. Data[9]	
2-8	197-200	pro	1. Richtig[2]	1. Angemessen[2]	1. Verständlich[2]	Jahresertrag/Energiedichte Vorhanden[2]	*[2]	*[2]	*[2]	*[2]	*[2]	*[2]	*[2]	*[2]	Pro C[2]	_	_	Hauptteil[6]	2. Data[9]	
2-9	201-205	Jahr	1. Richtig[2]	1. Angemessen[2]	1. Verständlich[2]	Jahresertrag/Energiedichte Vorhanden[2]	*[2]	*[2]	*[2]	*[2]	*[2]	*[2]	*[2]	*[2]	Pro C[2]	_	_	Hauptteil[6]	2. Data[9]	
2-10	206-215	besonders	1. Richtig[2]	1. Angemessen[2]	1. Verständlich[2]	Jahresertrag/Energiedichte Vorhanden[2]	*[2]	*[2]	*[2]	*[2]	*[2]	*[2]	*[2]	*[2]	Pro C[2]	_	_	Hauptteil[6]	2. Data[9]	
2-11	216-220	hoch	1. Richtig[2]	1. Angemessen[2]	1. Verständlich[2]	Jahresertrag/Energiedichte Vorhanden[2]	*[2]	*[2]	*[2]	*[2]	*[2]	*[2]	*[2]	*[2]	Pro C[2]	_	_	Hauptteil[6]	2. Data[9]	
2-12	220-221	.	1. Richtig[2]	1. Angemessen[2]	1. Verständlich[2]	Jahresertrag/Energiedichte Vorhanden[2]	*[2]	*[2]	*[2]	*[2]	*[2]	*[2]	*[2]	*[2]	Pro C[2]	_	_	Hauptteil[6]	2. Data[9]	

3-1	223-227	Wenn	1. Richtig[3]	1. Angemessen[3]	1. Verständlich[3]	*[3]	*[3]	*[3]	*[3]	*[3]	Treibhausgasemissionen vorhanden[3]	*[3]	Contra A[3]	Contra B[3]	Pro C[3]	_	_	Hauptteil[6]	1. Claim[10]	
3-2	228-231	wir	1. Richtig[3]	1. Angemessen[3]	1. Verständlich[3]	*[3]	*[3]	*[3]	*[3]	*[3]	Treibhausgasemissionen vorhanden[3]	*[3]	Contra A[3]	Contra B[3]	Pro C[3]	_	_	Hauptteil[6]	1. Claim[10]	
3-3	232-236	mehr	1. Richtig[3]	1. Angemessen[3]	1. Verständlich[3]	*[3]	*[3]	*[3]	*[3]	*[3]	Treibhausgasemissionen vorhanden[3]	*[3]	Contra A[3]	Contra B[3]	Pro C[3]	_	_	Hauptteil[6]	1. Claim[10]	
3-4	237-246	Windparks	1. Richtig[3]	1. Angemessen[3]	1. Verständlich[3]	*[3]	*[3]	*[3]	*[3]	*[3]	Treibhausgasemissionen vorhanden[3]	*[3]	Contra A[3]	Contra B[3]	Pro C[3]	_	_	Hauptteil[6]	1. Claim[10]	
3-5	247-253	werden	1. Richtig[3]	1. Angemessen[3]	1. Verständlich[3]	*[3]	*[3]	*[3]	*[3]	*[3]	Treibhausgasemissionen vorhanden[3]	*[3]	Contra A[3]	Contra B[3]	Pro C[3]	_	_	Hauptteil[6]	1. Claim[10]	
3-6	254-257	nur	1. Richtig[3]	1. Angemessen[3]	1. Verständlich[3]	*[3]	*[3]	*[3]	*[3]	*[3]	Treibhausgasemissionen vorhanden[3]	*[3]	Contra A[3]	Contra B[3]	Pro C[3]	_	_	Hauptteil[6]	1. Claim[10]	
3-7	258-262	sehr	1. Richtig[3]	1. Angemessen[3]	1. Verständlich[3]	*[3]	*[3]	*[3]	*[3]	*[3]	Treibhausgasemissionen vorhanden[3]	*[3]	Contra A[3]	Contra B[3]	Pro C[3]	_	_	Hauptteil[6]	1. Claim[10]	
3-8	263-268	wenig	1. Richtig[3]	1. Angemessen[3]	1. Verständlich[3]	*[3]	*[3]	*[3]	*[3]	*[3]	Treibhausgasemissionen vorhanden[3]	*[3]	Contra A[3]	Contra B[3]	Pro C[3]	_	_	Hauptteil[6]	1. Claim[10]	
3-9	269-282	Treibhausgase	1. Richtig[3]	1. Angemessen[3]	1. Verständlich[3]	*[3]	*[3]	*[3]	*[3]	*[3]	Treibhausgasemissionen vorhanden[3]	*[3]	Contra A[3]	Contra B[3]	Pro C[3]	_	_	Hauptteil[6]	1. Claim[10]	
3-10	283-285	im	1. Richtig[3]	1. Angemessen[3]	1. Verständlich[3]	*[3]	*[3]	*[3]	*[3]	*[3]	Treibhausgasemissionen vorhanden[3]	*[3]	Contra A[3]	Contra B[3]	Pro C[3]	_	_	Hauptteil[6]	1. Claim[10]	
3-11	286-295	Gegensatz	1. Richtig[3]	1. Angemessen[3]	1. Verständlich[3]	*[3]	*[3]	*[3]	*[3]	*[3]	Treibhausgasemissionen vorhanden[3]	*[3]	Contra A[3]	Contra B[3]	Pro C[3]	_	_	Hauptteil[6]	1. Claim[10]	
3-12	296-298	zu	1. Richtig[3]	1. Angemessen[3]	1. Verständlich[3]	*[3]	*[3]	*[3]	*[3]	*[3]	Treibhausgasemissionen vorhanden[3]	*[3]	Contra A[3]	Contra B[3]	Pro C[3]	_	_	Hauptteil[6]	1. Claim[10]	
3-13	299-302	den	1. Richtig[3]	1. Angemessen[3]	1. Verständlich[3]	*[3]	*[3]	*[3]	*[3]	*[3]	Treibhausgasemissionen vorhanden[3]	*[3]	Contra A[3]	Contra B[3]	Pro C[3]	_	_	Hauptteil[6]	1. Claim[10]	
3-14	303-315	Alternativen	1. Richtig[3]	1. Angemessen[3]	1. Verständlich[3]	*[3]	*[3]	*[3]	*[3]	*[3]	Treibhausgasemissionen vorhanden[3]	*[3]	Contra A[3]	Contra B[3]	Pro C[3]	_	_	Hauptteil[6]	1. Claim[10]	
3-15	316-327	verurscacht	1. Richtig[3]	1. Angemessen[3]	1. Verständlich[3]	*[3]	*[3]	*[3]	*[3]	*[3]	Treibhausgasemissionen vorhanden[3]	*[3]	Contra A[3]	Contra B[3]	Pro C[3]	_	_	Hauptteil[6]	1. Claim[10]	
3-16	327-328	.	1. Richtig[3]	1. Angemessen[3]	1. Verständlich[3]	*[3]	*[3]	*[3]	*[3]	*[3]	Treibhausgasemissionen vorhanden[3]	*[3]	Contra A[3]	Contra B[3]	Pro C[3]	_	_	Hauptteil[6]	1. Claim[10]	

4-1	330-333	Die	1. Richtig[3]	1. Angemessen[3]	1. Verständlich[3]	*[3]	*[3]	*[3]	*[3]	*[3]	Treibhausgasemissionen vorhanden[3]	*[3]	Contra A[3]	Contra B[3]	Pro C[3]	_	_	Hauptteil[6]	2. Data[11]	
4-2	334-343	Treibhaus	1. Richtig[3]	1. Angemessen[3]	1. Verständlich[3]	*[3]	*[3]	*[3]	*[3]	*[3]	Treibhausgasemissionen vorhanden[3]	*[3]	Contra A[3]	Contra B[3]	Pro C[3]	_	_	Hauptteil[6]	2. Data[11]	
4-3	344-356	Äquivaltente	1. Richtig[3]	1. Angemessen[3]	1. Verständlich[3]	*[3]	*[3]	*[3]	*[3]	*[3]	Treibhausgasemissionen vorhanden[3]	*[3]	Contra A[3]	Contra B[3]	Pro C[3]	_	_	Hauptteil[6]	2. Data[11]	
4-4	357-362	liegt	1. Richtig[3]	1. Angemessen[3]	1. Verständlich[3]	*[3]	*[3]	*[3]	*[3]	*[3]	Treibhausgasemissionen vorhanden[3]	*[3]	Contra A[3]	Contra B[3]	Pro C[3]	_	_	Hauptteil[6]	2. Data[11]	
4-5	363-366	bei	1. Richtig[3]	1. Angemessen[3]	1. Verständlich[3]	*[3]	*[3]	*[3]	*[3]	*[3]	Treibhausgasemissionen vorhanden[3]	*[3]	Contra A[3]	Contra B[3]	Pro C[3]	_	_	Hauptteil[6]	2. Data[11]	
4-6	367-375	ungafähr	1. Richtig[3]	1. Angemessen[3]	1. Verständlich[3]	*[3]	*[3]	*[3]	*[3]	*[3]	Treibhausgasemissionen vorhanden[3]	*[3]	Contra A[3]	Contra B[3]	Pro C[3]	_	_	Hauptteil[6]	2. Data[11]	
4-7	376-377	8	1. Richtig[3]	1. Angemessen[3]	1. Verständlich[3]	*[3]	*[3]	*[3]	*[3]	*[3]	Treibhausgasemissionen vorhanden[3]	*[3]	Contra A[3]	Contra B[3]	Pro C[3]	_	_	Hauptteil[6]	2. Data[11]	
4-8	377-378	.	1. Richtig[3]	1. Angemessen[3]	1. Verständlich[3]	*[3]	*[3]	*[3]	*[3]	*[3]	Treibhausgasemissionen vorhanden[3]	*[3]	Contra A[3]	Contra B[3]	Pro C[3]	_	_	Hauptteil[6]	2. Data[11]	
4-9	380-384	800T	1. Richtig[3]	1. Angemessen[3]	1. Verständlich[3]	*[3]	*[3]	*[3]	*[3]	*[3]	Treibhausgasemissionen vorhanden[3]	*[3]	Contra A[3]	Contra B[3]	Pro C[3]	_	_	Hauptteil[6]	2. Data[11]	
4-10	385-388	pro	1. Richtig[3]	1. Angemessen[3]	1. Verständlich[3]	*[3]	*[3]	*[3]	*[3]	*[3]	Treibhausgasemissionen vorhanden[3]	*[3]	Contra A[3]	Contra B[3]	Pro C[3]	_	_	Hauptteil[6]	2. Data[11]	
4-11	389-393	Jahr	1. Richtig[3]	1. Angemessen[3]	1. Verständlich[3]	*[3]	*[3]	*[3]	*[3]	*[3]	Treibhausgasemissionen vorhanden[3]	*[3]	Contra A[3]	Contra B[3]	Pro C[3]	_	_	Hauptteil[6]	2. Data[11]	
4-12	394-397	und	1. Richtig[3]	1. Angemessen[3]	1. Verständlich[3]	*[3]	*[3]	*[3]	*[3]	*[3]	Treibhausgasemissionen vorhanden[3]	*[3]	Contra A[3]	Contra B[3]	Pro C[3]	_	_	Hauptteil[6]	2. Data[11]	
4-13	398-403	Solar	1. Richtig[3]	1. Angemessen[3]	1. Verständlich[3]	*[3]	*[3]	*[3]	*[3]	*[3]	Treibhausgasemissionen vorhanden[3]	*[3]	Contra A[3]	Contra B[3]	Pro C[3]	_	_	Hauptteil[6]	2. Data[11]	
4-14	404-407	und	1. Richtig[3]	1. Angemessen[3]	1. Verständlich[3]	*[3]	*[3]	*[3]	*[3]	*[3]	Treibhausgasemissionen vorhanden[3]	*[3]	Contra A[3]	Contra B[3]	Pro C[3]	_	_	Hauptteil[6]	2. Data[11]	
4-15	408-427	Wassserkraftanlagen	1. Richtig[3]	1. Angemessen[3]	1. Verständlich[3]	*[3]	*[3]	*[3]	*[3]	*[3]	Treibhausgasemissionen vorhanden[3]	*[3]	Contra A[3]	Contra B[3]	Pro C[3]	_	_	Hauptteil[6]	2. Data[11]	
4-16	428-434	liegen	1. Richtig[3]	1. Angemessen[3]	1. Verständlich[3]	*[3]	*[3]	*[3]	*[3]	*[3]	Treibhausgasemissionen vorhanden[3]	*[3]	Contra A[3]	Contra B[3]	Pro C[3]	_	_	Hauptteil[6]	2. Data[11]	
4-17	435-438	bei	1. Richtig[3]	1. Angemessen[3]	1. Verständlich[3]	*[3]	*[3]	*[3]	*[3]	*[3]	Treibhausgasemissionen vorhanden[3]	*[3]	Contra A[3]	Contra B[3]	Pro C[3]	_	_	Hauptteil[6]	2. Data[11]	
4-18	439-441	35	1. Richtig[3]	1. Angemessen[3]	1. Verständlich[3]	*[3]	*[3]	*[3]	*[3]	*[3]	Treibhausgasemissionen vorhanden[3]	*[3]	Contra A[3]	Contra B[3]	Pro C[3]	_	_	Hauptteil[6]	2. Data[11]	
4-19	441-442	.	1. Richtig[3]	1. Angemessen[3]	1. Verständlich[3]	*[3]	*[3]	*[3]	*[3]	*[3]	Treibhausgasemissionen vorhanden[3]	*[3]	Contra A[3]	Contra B[3]	Pro C[3]	_	_	Hauptteil[6]	2. Data[11]	
4-20	444-448	000T	1. Richtig[3]	1. Angemessen[3]	1. Verständlich[3]	*[3]	*[3]	*[3]	*[3]	*[3]	Treibhausgasemissionen vorhanden[3]	*[3]	Contra A[3]	Contra B[3]	Pro C[3]	_	_	Hauptteil[6]	2. Data[11]	
4-21	449-452	und	1. Richtig[3]	1. Angemessen[3]	1. Verständlich[3]	*[3]	*[3]	*[3]	*[3]	*[3]	Treibhausgasemissionen vorhanden[3]	*[3]	Contra A[3]	Contra B[3]	Pro C[3]	_	_	Hauptteil[6]	2. Data[11]	
4-22	453-455	12	1. Richtig[3]	1. Angemessen[3]	1. Verständlich[3]	*[3]	*[3]	*[3]	*[3]	*[3]	Treibhausgasemissionen vorhanden[3]	*[3]	Contra A[3]	Contra B[3]	Pro C[3]	_	_	Hauptteil[6]	2. Data[11]	
4-23	455-456	.	1. Richtig[3]	1. Angemessen[3]	1. Verständlich[3]	*[3]	*[3]	*[3]	*[3]	*[3]	Treibhausgasemissionen vorhanden[3]	*[3]	Contra A[3]	Contra B[3]	Pro C[3]	_	_	Hauptteil[6]	2. Data[11]	
4-24	458-462	000T	1. Richtig[3]	1. Angemessen[3]	1. Verständlich[3]	*[3]	*[3]	*[3]	*[3]	*[3]	Treibhausgasemissionen vorhanden[3]	*[3]	Contra A[3]	Contra B[3]	Pro C[3]	_	_	Hauptteil[6]	2. Data[11]	
4-25	463-465	im	1. Richtig[3]	1. Angemessen[3]	1. Verständlich[3]	*[3]	*[3]	*[3]	*[3]	*[3]	Treibhausgasemissionen vorhanden[3]	*[3]	Contra A[3]	Contra B[3]	Pro C[3]	_	_	Hauptteil[6]	2. Data[11]	
4-26	466-470	jahr	1. Richtig[3]	1. Angemessen[3]	1. Verständlich[3]	*[3]	*[3]	*[3]	*[3]	*[3]	Treibhausgasemissionen vorhanden[3]	*[3]	Contra A[3]	Contra B[3]	Pro C[3]	_	_	Hauptteil[6]	2. Data[11]	
4-27	470-471	.	1. Richtig[3]	1. Angemessen[3]	1. Verständlich[3]	*[3]	*[3]	*[3]	*[3]	*[3]	Treibhausgasemissionen vorhanden[3]	*[3]	Contra A[3]	Contra B[3]	Pro C[3]	_	_	Hauptteil[6]	2. Data[11]	

5-1	473-476	Ein	1. Richtig[4]	1. Angemessen[4]	1. Verständlich[4]	*[4]	*[4]	*[4]	Preis/Betrieb vorhanden[4]	*[4]	*[4]	*[4]	Contra A[4]	*[4]	Unklar C[4]	_	_	Hauptteil[6]	1. Claim[12]	
5-2	477-485	weiterer	1. Richtig[4]	1. Angemessen[4]	1. Verständlich[4]	*[4]	*[4]	*[4]	Preis/Betrieb vorhanden[4]	*[4]	*[4]	*[4]	Contra A[4]	*[4]	Unklar C[4]	_	_	Hauptteil[6]	1. Claim[12]	
5-3	486-491	Grund	1. Richtig[4]	1. Angemessen[4]	1. Verständlich[4]	*[4]	*[4]	*[4]	Preis/Betrieb vorhanden[4]	*[4]	*[4]	*[4]	Contra A[4]	*[4]	Unklar C[4]	_	_	Hauptteil[6]	1. Claim[12]	
5-4	492-497	dafür	1. Richtig[4]	1. Angemessen[4]	1. Verständlich[4]	*[4]	*[4]	*[4]	Preis/Betrieb vorhanden[4]	*[4]	*[4]	*[4]	Contra A[4]	*[4]	Unklar C[4]	_	_	Hauptteil[6]	1. Claim[12]	
5-5	498-501	ist	1. Richtig[4]	1. Angemessen[4]	1. Verständlich[4]	*[4]	*[4]	*[4]	Preis/Betrieb vorhanden[4]	*[4]	*[4]	*[4]	Contra A[4]	*[4]	Unklar C[4]	_	_	Hauptteil[6]	1. Claim[12]	
5-6	501-502	,	1. Richtig[4]	1. Angemessen[4]	1. Verständlich[4]	*[4]	*[4]	*[4]	Preis/Betrieb vorhanden[4]	*[4]	*[4]	*[4]	Contra A[4]	*[4]	Unklar C[4]	_	_	Hauptteil[6]	_	
5-7	503-507	dass	1. Richtig[4]	1. Angemessen[4]	1. Verständlich[4]	*[4]	*[4]	*[4]	Preis/Betrieb vorhanden[4]	*[4]	*[4]	*[4]	Contra A[4]	*[4]	Unklar C[4]	_	_	Hauptteil[6]	2. Data[13]	
5-8	508-511	der	1. Richtig[4]	1. Angemessen[4]	1. Verständlich[4]	*[4]	*[4]	*[4]	Preis/Betrieb vorhanden[4]	*[4]	*[4]	*[4]	Contra A[4]	*[4]	Unklar C[4]	_	_	Hauptteil[6]	2. Data[13]	
5-9	512-517	Preis	1. Richtig[4]	1. Angemessen[4]	1. Verständlich[4]	*[4]	*[4]	*[4]	Preis/Betrieb vorhanden[4]	*[4]	*[4]	*[4]	Contra A[4]	*[4]	Unklar C[4]	_	_	Hauptteil[6]	2. Data[13]	
5-10	518-521	für	1. Richtig[4]	1. Angemessen[4]	1. Verständlich[4]	*[4]	*[4]	*[4]	Preis/Betrieb vorhanden[4]	*[4]	*[4]	*[4]	Contra A[4]	*[4]	Unklar C[4]	_	_	Hauptteil[6]	2. Data[13]	
5-11	522-538	Windkraftanlagen	1. Richtig[4]	1. Angemessen[4]	1. Verständlich[4]	*[4]	*[4]	*[4]	Preis/Betrieb vorhanden[4]	*[4]	*[4]	*[4]	Contra A[4]	*[4]	Unklar C[4]	_	_	Hauptteil[6]	2. Data[13]	
5-12	539-541	im	1. Richtig[4]	1. Angemessen[4]	1. Verständlich[4]	*[4]	*[4]	*[4]	Preis/Betrieb vorhanden[4]	*[4]	*[4]	*[4]	Contra A[4]	*[4]	Unklar C[4]	_	_	Hauptteil[6]	2. Data[13]	
5-13	542-552	Mittelfeld	1. Richtig[4]	1. Angemessen[4]	1. Verständlich[4]	*[4]	*[4]	*[4]	Preis/Betrieb vorhanden[4]	*[4]	*[4]	*[4]	Contra A[4]	*[4]	Unklar C[4]	_	_	Hauptteil[6]	2. Data[13]	
5-14	553-558	liegt	1. Richtig[4]	1. Angemessen[4]	1. Verständlich[4]	*[4]	*[4]	*[4]	Preis/Betrieb vorhanden[4]	*[4]	*[4]	*[4]	Contra A[4]	*[4]	Unklar C[4]	_	_	Hauptteil[6]	2. Data[13]	
5-15	559-562	mit	1. Richtig[4]	1. Angemessen[4]	1. Verständlich[4]	*[4]	*[4]	*[4]	Preis/Betrieb vorhanden[4]	*[4]	*[4]	*[4]	Contra A[4]	*[4]	Unklar C[4]	_	_	Hauptteil[6]	2. Data[13]	
5-16	563-565	14	1. Richtig[4]	1. Angemessen[4]	1. Verständlich[4]	*[4]	*[4]	*[4]	Preis/Betrieb vorhanden[4]	*[4]	*[4]	*[4]	Contra A[4]	*[4]	Unklar C[4]	_	_	Hauptteil[6]	2. Data[13]	
5-17	566-569	mio	1. Richtig[4]	1. Angemessen[4]	1. Verständlich[4]	*[4]	*[4]	*[4]	Preis/Betrieb vorhanden[4]	*[4]	*[4]	*[4]	Contra A[4]	*[4]	Unklar C[4]	_	_	Hauptteil[6]	2. Data[13]	
5-18	569-570	.	1. Richtig[4]	1. Angemessen[4]	1. Verständlich[4]	*[4]	*[4]	*[4]	Preis/Betrieb vorhanden[4]	*[4]	*[4]	*[4]	Contra A[4]	*[4]	Unklar C[4]	_	_	Hauptteil[6]	2. Data[13]	
5-19	572-573	€	1. Richtig[4]	1. Angemessen[4]	1. Verständlich[4]	*[4]	*[4]	*[4]	Preis/Betrieb vorhanden[4]	*[4]	*[4]	*[4]	Contra A[4]	*[4]	Unklar C[4]	_	_	Hauptteil[6]	2. Data[13]	
5-20	573-574	,	1. Richtig[4]	1. Angemessen[4]	1. Verständlich[4]	*[4]	*[4]	*[4]	Preis/Betrieb vorhanden[4]	*[4]	*[4]	*[4]	Contra A[4]	*[4]	Unklar C[4]	_	_	Hauptteil[6]	2. Data[13]	
5-21	575-579	Denn	1. Richtig[4]	1. Angemessen[4]	1. Verständlich[4]	*[4]	*[4]	*[4]	Preis/Betrieb vorhanden[4]	*[4]	*[4]	*[4]	Contra A[4]	*[4]	Unklar C[4]	_	_	Hauptteil[6]	2. Data[13]	
5-22	580-584	eine	1. Richtig[4]	1. Angemessen[4]	1. Verständlich[4]	*[4]	*[4]	*[4]	Preis/Betrieb vorhanden[4]	*[4]	*[4]	*[4]	Contra A[4]	*[4]	Unklar C[4]	_	_	Hauptteil[6]	2. Data[13]	
5-23	585-602	Wasserkraftanlage	1. Richtig[4]	1. Angemessen[4]	1. Verständlich[4]	*[4]	*[4]	*[4]	Preis/Betrieb vorhanden[4]	*[4]	*[4]	*[4]	Contra A[4]	*[4]	Unklar C[4]	_	_	Hauptteil[6]	2. Data[13]	
5-24	603-605	zu	1. Richtig[4]	1. Angemessen[4]	1. Verständlich[4]	*[4]	*[4]	*[4]	Preis/Betrieb vorhanden[4]	*[4]	*[4]	*[4]	Contra A[4]	*[4]	Unklar C[4]	_	_	Hauptteil[6]	2. Data[13]	
5-25	606-611	bauen	1. Richtig[4]	1. Angemessen[4]	1. Verständlich[4]	*[4]	*[4]	*[4]	Preis/Betrieb vorhanden[4]	*[4]	*[4]	*[4]	Contra A[4]	*[4]	Unklar C[4]	_	_	Hauptteil[6]	2. Data[13]	
5-26	612-615	ist	1. Richtig[4]	1. Angemessen[4]	1. Verständlich[4]	*[4]	*[4]	*[4]	Preis/Betrieb vorhanden[4]	*[4]	*[4]	*[4]	Contra A[4]	*[4]	Unklar C[4]	_	_	Hauptteil[6]	2. Data[13]	
5-27	616-619	mit	1. Richtig[4]	1. Angemessen[4]	1. Verständlich[4]	*[4]	*[4]	*[4]	Preis/Betrieb vorhanden[4]	*[4]	*[4]	*[4]	Contra A[4]	*[4]	Unklar C[4]	_	_	Hauptteil[6]	2. Data[13]	
5-28	620-625	59mio	1. Richtig[4]	1. Angemessen[4]	1. Verständlich[4]	*[4]	*[4]	*[4]	Preis/Betrieb vorhanden[4]	*[4]	*[4]	*[4]	Contra A[4]	*[4]	Unklar C[4]	_	_	Hauptteil[6]	2. Data[13]	
5-29	625-626	.	1. Richtig[4]	1. Angemessen[4]	1. Verständlich[4]	*[4]	*[4]	*[4]	Preis/Betrieb vorhanden[4]	*[4]	*[4]	*[4]	Contra A[4]	*[4]	Unklar C[4]	_	_	Hauptteil[6]	2. Data[13]	

6-1	628-629	€	_	_	_	_	_	_	_	_	_	_	_	_	_	_	_	Hauptteil[6]	2. Data[13]	
6-2	629-636	Dreimal	_	_	_	_	_	_	_	_	_	_	_	_	_	_	_	Hauptteil[6]	2. Data[13]	
6-3	637-639	so	_	_	_	_	_	_	_	_	_	_	_	_	_	_	_	Hauptteil[6]	2. Data[13]	
6-4	640-645	teuer	_	_	_	_	_	_	_	_	_	_	_	_	_	_	_	Hauptteil[6]	2. Data[13]	
