#FORMAT=WebAnno TSV 3.3
#T_SP=webanno.custom.Argument|Accuracy|Adequacy|Clarity|KriteriumJahresertragEnergiedichte|KriteriumLebensdauerVerfgbarkeit|KriteriumLokaleEmissionenGeruschemissionen|KriteriumPreisBetrieb|KriteriumSonstiges|KriteriumTreibhausgasemissionen|KriteriumWirkungsgrad|OptionA|OptionB|OptionC
#T_SP=webanno.custom.DecisionMakingStrategies|Decision|Gesamtthese
#T_SP=webanno.custom.Struktur|Struktur
#T_SP=webanno.custom.StrukturTAP|TAPArgumente


1-1	0-3	Der	_	_	_	_	_	_	_	_	_	_	_	_	_	_	_	Einleitung[5]	_	
1-2	4-15	Klimawandel	_	_	_	_	_	_	_	_	_	_	_	_	_	_	_	Einleitung[5]	_	
1-3	16-19	und	_	_	_	_	_	_	_	_	_	_	_	_	_	_	_	Einleitung[5]	_	
1-4	20-23	die	_	_	_	_	_	_	_	_	_	_	_	_	_	_	_	Einleitung[5]	_	
1-5	24-29	damit	_	_	_	_	_	_	_	_	_	_	_	_	_	_	_	Einleitung[5]	_	
1-6	30-41	verbundenen	_	_	_	_	_	_	_	_	_	_	_	_	_	_	_	Einleitung[5]	_	
1-7	42-50	Probleme	_	_	_	_	_	_	_	_	_	_	_	_	_	_	_	Einleitung[5]	_	
1-8	51-57	welche	_	_	_	_	_	_	_	_	_	_	_	_	_	_	_	Einleitung[5]	_	
1-9	58-61	für	_	_	_	_	_	_	_	_	_	_	_	_	_	_	_	Einleitung[5]	_	
1-10	62-70	Menschen	_	_	_	_	_	_	_	_	_	_	_	_	_	_	_	Einleitung[5]	_	
1-11	70-71	,	_	_	_	_	_	_	_	_	_	_	_	_	_	_	_	Einleitung[5]	_	
1-12	72-77	Tiere	_	_	_	_	_	_	_	_	_	_	_	_	_	_	_	Einleitung[5]	_	
1-13	78-81	und	_	_	_	_	_	_	_	_	_	_	_	_	_	_	_	Einleitung[5]	_	
1-14	82-85	die	_	_	_	_	_	_	_	_	_	_	_	_	_	_	_	Einleitung[5]	_	
1-15	86-92	Umwelt	_	_	_	_	_	_	_	_	_	_	_	_	_	_	_	Einleitung[5]	_	
1-16	93-102	ensttehen	_	_	_	_	_	_	_	_	_	_	_	_	_	_	_	Einleitung[5]	_	
1-17	103-107	sind	_	_	_	_	_	_	_	_	_	_	_	_	_	_	_	Einleitung[5]	_	
1-18	108-110	in	_	_	_	_	_	_	_	_	_	_	_	_	_	_	_	Einleitung[5]	_	
1-19	111-114	der	_	_	_	_	_	_	_	_	_	_	_	_	_	_	_	Einleitung[5]	_	
1-20	115-123	heutigen	_	_	_	_	_	_	_	_	_	_	_	_	_	_	_	Einleitung[5]	_	
1-21	124-136	Gesellschaft	_	_	_	_	_	_	_	_	_	_	_	_	_	_	_	Einleitung[5]	_	
1-22	137-140	ein	_	_	_	_	_	_	_	_	_	_	_	_	_	_	_	Einleitung[5]	_	
1-23	141-157	allgegenwärtiges	_	_	_	_	_	_	_	_	_	_	_	_	_	_	_	Einleitung[5]	_	
1-24	158-163	Thema	_	_	_	_	_	_	_	_	_	_	_	_	_	_	_	Einleitung[5]	_	
1-25	163-164	.	_	_	_	_	_	_	_	_	_	_	_	_	_	_	_	Einleitung[5]	_	

2-1	165-167	Im	_	_	_	_	_	_	_	_	_	_	_	_	_	_	_	Einleitung[5]	_	
2-2	168-177	Folgenden	_	_	_	_	_	_	_	_	_	_	_	_	_	_	_	Einleitung[5]	_	
2-3	178-183	werde	_	_	_	_	_	_	_	_	_	_	_	_	_	_	_	Einleitung[5]	_	
2-4	184-187	ich	_	_	_	_	_	_	_	_	_	_	_	_	_	_	_	Einleitung[5]	_	
2-5	188-192	drei	_	_	_	_	_	_	_	_	_	_	_	_	_	_	_	Einleitung[5]	_	
2-6	193-205	verschiedene	_	_	_	_	_	_	_	_	_	_	_	_	_	_	_	Einleitung[5]	_	
2-7	206-217	erneurbaren	_	_	_	_	_	_	_	_	_	_	_	_	_	_	_	Einleitung[5]	_	
2-8	218-226	Energien	_	_	_	_	_	_	_	_	_	_	_	_	_	_	_	Einleitung[5]	_	
2-9	227-238	diskutieren	_	_	_	_	_	_	_	_	_	_	_	_	_	_	_	Einleitung[5]	_	
2-10	238-239	.	_	_	_	_	_	_	_	_	_	_	_	_	_	_	_	Einleitung[5]	_	

3-1	243-246	Als	1. Richtig[1]	1. Angemessen[1]	1. Verständlich[1]	*[1]	Lebensdauer/Verfügbarkeit vorhanden[1]	*[1]	*[1]	*[1]	*[1]	*[1]	Pro A[1]	Contra B[1]	Contra C[1]	_	_	Hauptteil[6]	5. Nicht zutreffend[8]	
3-2	247-253	erstes	1. Richtig[1]	1. Angemessen[1]	1. Verständlich[1]	*[1]	Lebensdauer/Verfügbarkeit vorhanden[1]	*[1]	*[1]	*[1]	*[1]	*[1]	Pro A[1]	Contra B[1]	Contra C[1]	_	_	Hauptteil[6]	5. Nicht zutreffend[8]	
3-3	254-262	Argument	1. Richtig[1]	1. Angemessen[1]	1. Verständlich[1]	*[1]	Lebensdauer/Verfügbarkeit vorhanden[1]	*[1]	*[1]	*[1]	*[1]	*[1]	Pro A[1]	Contra B[1]	Contra C[1]	_	_	Hauptteil[6]	5. Nicht zutreffend[8]	
3-4	263-268	lässt	1. Richtig[1]	1. Angemessen[1]	1. Verständlich[1]	*[1]	Lebensdauer/Verfügbarkeit vorhanden[1]	*[1]	*[1]	*[1]	*[1]	*[1]	Pro A[1]	Contra B[1]	Contra C[1]	_	_	Hauptteil[6]	5. Nicht zutreffend[8]	
3-5	269-273	sich	1. Richtig[1]	1. Angemessen[1]	1. Verständlich[1]	*[1]	Lebensdauer/Verfügbarkeit vorhanden[1]	*[1]	*[1]	*[1]	*[1]	*[1]	Pro A[1]	Contra B[1]	Contra C[1]	_	_	Hauptteil[6]	5. Nicht zutreffend[8]	
3-6	274-277	die	1. Richtig[1]	1. Angemessen[1]	1. Verständlich[1]	*[1]	Lebensdauer/Verfügbarkeit vorhanden[1]	*[1]	*[1]	*[1]	*[1]	*[1]	Pro A[1]	Contra B[1]	Contra C[1]	_	_	Hauptteil[6]	5. Nicht zutreffend[8]	
3-7	278-289	Lebensdauer	1. Richtig[1]	1. Angemessen[1]	1. Verständlich[1]	*[1]	Lebensdauer/Verfügbarkeit vorhanden[1]	*[1]	*[1]	*[1]	*[1]	*[1]	Pro A[1]	Contra B[1]	Contra C[1]	_	_	Hauptteil[6]	5. Nicht zutreffend[8]	
3-8	290-293	der	1. Richtig[1]	1. Angemessen[1]	1. Verständlich[1]	*[1]	Lebensdauer/Verfügbarkeit vorhanden[1]	*[1]	*[1]	*[1]	*[1]	*[1]	Pro A[1]	Contra B[1]	Contra C[1]	_	_	Hauptteil[6]	5. Nicht zutreffend[8]	
3-9	294-304	jeweiligen	1. Richtig[1]	1. Angemessen[1]	1. Verständlich[1]	*[1]	Lebensdauer/Verfügbarkeit vorhanden[1]	*[1]	*[1]	*[1]	*[1]	*[1]	Pro A[1]	Contra B[1]	Contra C[1]	_	_	Hauptteil[6]	5. Nicht zutreffend[8]	
3-10	305-316	erneurbaren	1. Richtig[1]	1. Angemessen[1]	1. Verständlich[1]	*[1]	Lebensdauer/Verfügbarkeit vorhanden[1]	*[1]	*[1]	*[1]	*[1]	*[1]	Pro A[1]	Contra B[1]	Contra C[1]	_	_	Hauptteil[6]	5. Nicht zutreffend[8]	
3-11	317-324	Energie	1. Richtig[1]	1. Angemessen[1]	1. Verständlich[1]	*[1]	Lebensdauer/Verfügbarkeit vorhanden[1]	*[1]	*[1]	*[1]	*[1]	*[1]	Pro A[1]	Contra B[1]	Contra C[1]	_	_	Hauptteil[6]	5. Nicht zutreffend[8]	
3-12	325-333	anführen	1. Richtig[1]	1. Angemessen[1]	1. Verständlich[1]	*[1]	Lebensdauer/Verfügbarkeit vorhanden[1]	*[1]	*[1]	*[1]	*[1]	*[1]	Pro A[1]	Contra B[1]	Contra C[1]	_	_	Hauptteil[6]	5. Nicht zutreffend[8]	
3-13	333-334	.	1. Richtig[1]	1. Angemessen[1]	1. Verständlich[1]	*[1]	Lebensdauer/Verfügbarkeit vorhanden[1]	*[1]	*[1]	*[1]	*[1]	*[1]	Pro A[1]	Contra B[1]	Contra C[1]	_	_	Hauptteil[6]	5. Nicht zutreffend[8]	

4-1	335-342	Während	1. Richtig[1]	1. Angemessen[1]	1. Verständlich[1]	*[1]	Lebensdauer/Verfügbarkeit vorhanden[1]	*[1]	*[1]	*[1]	*[1]	*[1]	Pro A[1]	Contra B[1]	Contra C[1]	_	_	Hauptteil[6]	2. Data[9]	
4-2	343-352	Windparks	1. Richtig[1]	1. Angemessen[1]	1. Verständlich[1]	*[1]	Lebensdauer/Verfügbarkeit vorhanden[1]	*[1]	*[1]	*[1]	*[1]	*[1]	Pro A[1]	Contra B[1]	Contra C[1]	_	_	Hauptteil[6]	2. Data[9]	
4-3	353-356	und	1. Richtig[1]	1. Angemessen[1]	1. Verständlich[1]	*[1]	Lebensdauer/Verfügbarkeit vorhanden[1]	*[1]	*[1]	*[1]	*[1]	*[1]	Pro A[1]	Contra B[1]	Contra C[1]	_	_	Hauptteil[6]	2. Data[9]	
4-4	357-367	Solarparks	1. Richtig[1]	1. Angemessen[1]	1. Verständlich[1]	*[1]	Lebensdauer/Verfügbarkeit vorhanden[1]	*[1]	*[1]	*[1]	*[1]	*[1]	Pro A[1]	Contra B[1]	Contra C[1]	_	_	Hauptteil[6]	2. Data[9]	
4-5	368-372	eine	1. Richtig[1]	1. Angemessen[1]	1. Verständlich[1]	*[1]	Lebensdauer/Verfügbarkeit vorhanden[1]	*[1]	*[1]	*[1]	*[1]	*[1]	Pro A[1]	Contra B[1]	Contra C[1]	_	_	Hauptteil[6]	2. Data[9]	
4-6	373-384	Lebensdauer	1. Richtig[1]	1. Angemessen[1]	1. Verständlich[1]	*[1]	Lebensdauer/Verfügbarkeit vorhanden[1]	*[1]	*[1]	*[1]	*[1]	*[1]	Pro A[1]	Contra B[1]	Contra C[1]	_	_	Hauptteil[6]	2. Data[9]	
4-7	385-388	von	1. Richtig[1]	1. Angemessen[1]	1. Verständlich[1]	*[1]	Lebensdauer/Verfügbarkeit vorhanden[1]	*[1]	*[1]	*[1]	*[1]	*[1]	Pro A[1]	Contra B[1]	Contra C[1]	_	_	Hauptteil[6]	2. Data[9]	
4-8	389-391	20	1. Richtig[1]	1. Angemessen[1]	1. Verständlich[1]	*[1]	Lebensdauer/Verfügbarkeit vorhanden[1]	*[1]	*[1]	*[1]	*[1]	*[1]	Pro A[1]	Contra B[1]	Contra C[1]	_	_	Hauptteil[6]	2. Data[9]	
4-9	392-395	und	1. Richtig[1]	1. Angemessen[1]	1. Verständlich[1]	*[1]	Lebensdauer/Verfügbarkeit vorhanden[1]	*[1]	*[1]	*[1]	*[1]	*[1]	Pro A[1]	Contra B[1]	Contra C[1]	_	_	Hauptteil[6]	2. Data[9]	
4-10	396-398	30	1. Richtig[1]	1. Angemessen[1]	1. Verständlich[1]	*[1]	Lebensdauer/Verfügbarkeit vorhanden[1]	*[1]	*[1]	*[1]	*[1]	*[1]	Pro A[1]	Contra B[1]	Contra C[1]	_	_	Hauptteil[6]	2. Data[9]	
4-11	399-405	Jahren	1. Richtig[1]	1. Angemessen[1]	1. Verständlich[1]	*[1]	Lebensdauer/Verfügbarkeit vorhanden[1]	*[1]	*[1]	*[1]	*[1]	*[1]	Pro A[1]	Contra B[1]	Contra C[1]	_	_	Hauptteil[6]	2. Data[9]	
4-12	406-411	haben	1. Richtig[1]	1. Angemessen[1]	1. Verständlich[1]	*[1]	Lebensdauer/Verfügbarkeit vorhanden[1]	*[1]	*[1]	*[1]	*[1]	*[1]	Pro A[1]	Contra B[1]	Contra C[1]	_	_	Hauptteil[6]	2. Data[9]	
4-13	411-412	,	1. Richtig[1]	1. Angemessen[1]	1. Verständlich[1]	*[1]	Lebensdauer/Verfügbarkeit vorhanden[1]	*[1]	*[1]	*[1]	*[1]	*[1]	Pro A[1]	Contra B[1]	Contra C[1]	_	_	Hauptteil[6]	2. Data[9]	
4-14	413-418	liegt	1. Richtig[1]	1. Angemessen[1]	1. Verständlich[1]	*[1]	Lebensdauer/Verfügbarkeit vorhanden[1]	*[1]	*[1]	*[1]	*[1]	*[1]	Pro A[1]	Contra B[1]	Contra C[1]	_	_	Hauptteil[6]	2. Data[9]	
4-15	419-422	die	1. Richtig[1]	1. Angemessen[1]	1. Verständlich[1]	*[1]	Lebensdauer/Verfügbarkeit vorhanden[1]	*[1]	*[1]	*[1]	*[1]	*[1]	Pro A[1]	Contra B[1]	Contra C[1]	_	_	Hauptteil[6]	2. Data[9]	
4-16	423-428	Dauer	1. Richtig[1]	1. Angemessen[1]	1. Verständlich[1]	*[1]	Lebensdauer/Verfügbarkeit vorhanden[1]	*[1]	*[1]	*[1]	*[1]	*[1]	Pro A[1]	Contra B[1]	Contra C[1]	_	_	Hauptteil[6]	2. Data[9]	
4-17	429-432	bei	1. Richtig[1]	1. Angemessen[1]	1. Verständlich[1]	*[1]	Lebensdauer/Verfügbarkeit vorhanden[1]	*[1]	*[1]	*[1]	*[1]	*[1]	Pro A[1]	Contra B[1]	Contra C[1]	_	_	Hauptteil[6]	2. Data[9]	
4-18	433-451	Wasserkraftanlagen	1. Richtig[1]	1. Angemessen[1]	1. Verständlich[1]	*[1]	Lebensdauer/Verfügbarkeit vorhanden[1]	*[1]	*[1]	*[1]	*[1]	*[1]	Pro A[1]	Contra B[1]	Contra C[1]	_	_	Hauptteil[6]	2. Data[9]	
4-19	452-455	bei	1. Richtig[1]	1. Angemessen[1]	1. Verständlich[1]	*[1]	Lebensdauer/Verfügbarkeit vorhanden[1]	*[1]	*[1]	*[1]	*[1]	*[1]	Pro A[1]	Contra B[1]	Contra C[1]	_	_	Hauptteil[6]	2. Data[9]	
4-20	456-458	80	1. Richtig[1]	1. Angemessen[1]	1. Verständlich[1]	*[1]	Lebensdauer/Verfügbarkeit vorhanden[1]	*[1]	*[1]	*[1]	*[1]	*[1]	Pro A[1]	Contra B[1]	Contra C[1]	_	_	Hauptteil[6]	2. Data[9]	
4-21	459-465	Jahren	1. Richtig[1]	1. Angemessen[1]	1. Verständlich[1]	*[1]	Lebensdauer/Verfügbarkeit vorhanden[1]	*[1]	*[1]	*[1]	*[1]	*[1]	Pro A[1]	Contra B[1]	Contra C[1]	_	_	Hauptteil[6]	2. Data[9]	
4-22	465-466	.	1. Richtig[1]	1. Angemessen[1]	1. Verständlich[1]	*[1]	Lebensdauer/Verfügbarkeit vorhanden[1]	*[1]	*[1]	*[1]	*[1]	*[1]	Pro A[1]	Contra B[1]	Contra C[1]	_	_	Hauptteil[6]	2. Data[9]	

5-1	467-474	Wichtig	1. Richtig[1]	1. Angemessen[1]	1. Verständlich[1]	*[1]	Lebensdauer/Verfügbarkeit vorhanden[1]	*[1]	*[1]	*[1]	*[1]	*[1]	Pro A[1]	Contra B[1]	Contra C[1]	_	_	Hauptteil[6]	3. Warrant[10]	
5-2	475-478	ist	1. Richtig[1]	1. Angemessen[1]	1. Verständlich[1]	*[1]	Lebensdauer/Verfügbarkeit vorhanden[1]	*[1]	*[1]	*[1]	*[1]	*[1]	Pro A[1]	Contra B[1]	Contra C[1]	_	_	Hauptteil[6]	3. Warrant[10]	
5-3	479-483	dies	1. Richtig[1]	1. Angemessen[1]	1. Verständlich[1]	*[1]	Lebensdauer/Verfügbarkeit vorhanden[1]	*[1]	*[1]	*[1]	*[1]	*[1]	Pro A[1]	Contra B[1]	Contra C[1]	_	_	Hauptteil[6]	3. Warrant[10]	
5-4	483-484	,	1. Richtig[1]	1. Angemessen[1]	1. Verständlich[1]	*[1]	Lebensdauer/Verfügbarkeit vorhanden[1]	*[1]	*[1]	*[1]	*[1]	*[1]	Pro A[1]	Contra B[1]	Contra C[1]	_	_	Hauptteil[6]	3. Warrant[10]	
5-5	485-487	da	1. Richtig[1]	1. Angemessen[1]	1. Verständlich[1]	*[1]	Lebensdauer/Verfügbarkeit vorhanden[1]	*[1]	*[1]	*[1]	*[1]	*[1]	Pro A[1]	Contra B[1]	Contra C[1]	_	_	Hauptteil[6]	3. Warrant[10]	
5-6	488-490	es	1. Richtig[1]	1. Angemessen[1]	1. Verständlich[1]	*[1]	Lebensdauer/Verfügbarkeit vorhanden[1]	*[1]	*[1]	*[1]	*[1]	*[1]	Pro A[1]	Contra B[1]	Contra C[1]	_	_	Hauptteil[6]	3. Warrant[10]	
5-7	491-498	aussagt	1. Richtig[1]	1. Angemessen[1]	1. Verständlich[1]	*[1]	Lebensdauer/Verfügbarkeit vorhanden[1]	*[1]	*[1]	*[1]	*[1]	*[1]	Pro A[1]	Contra B[1]	Contra C[1]	_	_	Hauptteil[6]	3. Warrant[10]	
5-8	499-502	wie	1. Richtig[1]	1. Angemessen[1]	1. Verständlich[1]	*[1]	Lebensdauer/Verfügbarkeit vorhanden[1]	*[1]	*[1]	*[1]	*[1]	*[1]	Pro A[1]	Contra B[1]	Contra C[1]	_	_	Hauptteil[6]	3. Warrant[10]	
5-9	503-508	lange	1. Richtig[1]	1. Angemessen[1]	1. Verständlich[1]	*[1]	Lebensdauer/Verfügbarkeit vorhanden[1]	*[1]	*[1]	*[1]	*[1]	*[1]	Pro A[1]	Contra B[1]	Contra C[1]	_	_	Hauptteil[6]	3. Warrant[10]	
5-10	509-512	man	1. Richtig[1]	1. Angemessen[1]	1. Verständlich[1]	*[1]	Lebensdauer/Verfügbarkeit vorhanden[1]	*[1]	*[1]	*[1]	*[1]	*[1]	Pro A[1]	Contra B[1]	Contra C[1]	_	_	Hauptteil[6]	3. Warrant[10]	
5-11	513-517	eine	1. Richtig[1]	1. Angemessen[1]	1. Verständlich[1]	*[1]	Lebensdauer/Verfügbarkeit vorhanden[1]	*[1]	*[1]	*[1]	*[1]	*[1]	Pro A[1]	Contra B[1]	Contra C[1]	_	_	Hauptteil[6]	3. Warrant[10]	
5-12	518-525	Energie	1. Richtig[1]	1. Angemessen[1]	1. Verständlich[1]	*[1]	Lebensdauer/Verfügbarkeit vorhanden[1]	*[1]	*[1]	*[1]	*[1]	*[1]	Pro A[1]	Contra B[1]	Contra C[1]	_	_	Hauptteil[6]	3. Warrant[10]	
5-13	526-532	nutzen	1. Richtig[1]	1. Angemessen[1]	1. Verständlich[1]	*[1]	Lebensdauer/Verfügbarkeit vorhanden[1]	*[1]	*[1]	*[1]	*[1]	*[1]	Pro A[1]	Contra B[1]	Contra C[1]	_	_	Hauptteil[6]	3. Warrant[10]	
5-14	533-537	kann	1. Richtig[1]	1. Angemessen[1]	1. Verständlich[1]	*[1]	Lebensdauer/Verfügbarkeit vorhanden[1]	*[1]	*[1]	*[1]	*[1]	*[1]	Pro A[1]	Contra B[1]	Contra C[1]	_	_	Hauptteil[6]	3. Warrant[10]	
5-15	538-541	und	1. Richtig[1]	1. Angemessen[1]	1. Verständlich[1]	*[1]	Lebensdauer/Verfügbarkeit vorhanden[1]	*[1]	*[1]	*[1]	*[1]	*[1]	Pro A[1]	Contra B[1]	Contra C[1]	_	_	Hauptteil[6]	3. Warrant[10]	
5-16	542-545	wie	1. Richtig[1]	1. Angemessen[1]	1. Verständlich[1]	*[1]	Lebensdauer/Verfügbarkeit vorhanden[1]	*[1]	*[1]	*[1]	*[1]	*[1]	Pro A[1]	Contra B[1]	Contra C[1]	_	_	Hauptteil[6]	3. Warrant[10]	
5-17	546-552	häufig	1. Richtig[1]	1. Angemessen[1]	1. Verständlich[1]	*[1]	Lebensdauer/Verfügbarkeit vorhanden[1]	*[1]	*[1]	*[1]	*[1]	*[1]	Pro A[1]	Contra B[1]	Contra C[1]	_	_	Hauptteil[6]	3. Warrant[10]	
5-18	553-556	sie	1. Richtig[1]	1. Angemessen[1]	1. Verständlich[1]	*[1]	Lebensdauer/Verfügbarkeit vorhanden[1]	*[1]	*[1]	*[1]	*[1]	*[1]	Pro A[1]	Contra B[1]	Contra C[1]	_	_	Hauptteil[6]	3. Warrant[10]	
5-19	557-563	erneut	1. Richtig[1]	1. Angemessen[1]	1. Verständlich[1]	*[1]	Lebensdauer/Verfügbarkeit vorhanden[1]	*[1]	*[1]	*[1]	*[1]	*[1]	Pro A[1]	Contra B[1]	Contra C[1]	_	_	Hauptteil[6]	3. Warrant[10]	
5-20	564-571	gekauft	1. Richtig[1]	1. Angemessen[1]	1. Verständlich[1]	*[1]	Lebensdauer/Verfügbarkeit vorhanden[1]	*[1]	*[1]	*[1]	*[1]	*[1]	Pro A[1]	Contra B[1]	Contra C[1]	_	_	Hauptteil[6]	3. Warrant[10]	
5-21	572-576	oder	1. Richtig[1]	1. Angemessen[1]	1. Verständlich[1]	*[1]	Lebensdauer/Verfügbarkeit vorhanden[1]	*[1]	*[1]	*[1]	*[1]	*[1]	Pro A[1]	Contra B[1]	Contra C[1]	_	_	Hauptteil[6]	3. Warrant[10]	
5-22	577-580	neu	1. Richtig[1]	1. Angemessen[1]	1. Verständlich[1]	*[1]	Lebensdauer/Verfügbarkeit vorhanden[1]	*[1]	*[1]	*[1]	*[1]	*[1]	Pro A[1]	Contra B[1]	Contra C[1]	_	_	Hauptteil[6]	3. Warrant[10]	
5-23	581-590	repariert	1. Richtig[1]	1. Angemessen[1]	1. Verständlich[1]	*[1]	Lebensdauer/Verfügbarkeit vorhanden[1]	*[1]	*[1]	*[1]	*[1]	*[1]	Pro A[1]	Contra B[1]	Contra C[1]	_	_	Hauptteil[6]	3. Warrant[10]	
5-24	591-597	werden	1. Richtig[1]	1. Angemessen[1]	1. Verständlich[1]	*[1]	Lebensdauer/Verfügbarkeit vorhanden[1]	*[1]	*[1]	*[1]	*[1]	*[1]	Pro A[1]	Contra B[1]	Contra C[1]	_	_	Hauptteil[6]	3. Warrant[10]	
5-25	598-602	muss	1. Richtig[1]	1. Angemessen[1]	1. Verständlich[1]	*[1]	Lebensdauer/Verfügbarkeit vorhanden[1]	*[1]	*[1]	*[1]	*[1]	*[1]	Pro A[1]	Contra B[1]	Contra C[1]	_	_	Hauptteil[6]	3. Warrant[10]	
5-26	602-603	.	1. Richtig[1]	1. Angemessen[1]	1. Verständlich[1]	*[1]	Lebensdauer/Verfügbarkeit vorhanden[1]	*[1]	*[1]	*[1]	*[1]	*[1]	Pro A[1]	Contra B[1]	Contra C[1]	_	_	Hauptteil[6]	3. Warrant[10]	

6-1	607-616	Preislich	1. Richtig[2]	1. Angemessen[2]	1. Verständlich[2]	*[2]	*[2]	*[2]	Preis/Betrieb vorhanden[2]	*[2]	*[2]	*[2]	Contra A[2]	Pro B[2]	Contra C[2]	_	_	Hauptteil[6]	1. Claim[11]	
6-2	617-621	gibt	1. Richtig[2]	1. Angemessen[2]	1. Verständlich[2]	*[2]	*[2]	*[2]	Preis/Betrieb vorhanden[2]	*[2]	*[2]	*[2]	Contra A[2]	Pro B[2]	Contra C[2]	_	_	Hauptteil[6]	1. Claim[11]	
6-3	622-624	es	1. Richtig[2]	1. Angemessen[2]	1. Verständlich[2]	*[2]	*[2]	*[2]	Preis/Betrieb vorhanden[2]	*[2]	*[2]	*[2]	Contra A[2]	Pro B[2]	Contra C[2]	_	_	Hauptteil[6]	1. Claim[11]	
6-4	625-634	ebenfalls	1. Richtig[2]	1. Angemessen[2]	1. Verständlich[2]	*[2]	*[2]	*[2]	Preis/Betrieb vorhanden[2]	*[2]	*[2]	*[2]	Contra A[2]	Pro B[2]	Contra C[2]	_	_	Hauptteil[6]	1. Claim[11]	
6-5	635-641	starke	1. Richtig[2]	1. Angemessen[2]	1. Verständlich[2]	*[2]	*[2]	*[2]	Preis/Betrieb vorhanden[2]	*[2]	*[2]	*[2]	Contra A[2]	Pro B[2]	Contra C[2]	_	_	Hauptteil[6]	1. Claim[11]	
6-6	642-654	Unterschiede	1. Richtig[2]	1. Angemessen[2]	1. Verständlich[2]	*[2]	*[2]	*[2]	Preis/Betrieb vorhanden[2]	*[2]	*[2]	*[2]	Contra A[2]	Pro B[2]	Contra C[2]	_	_	Hauptteil[6]	1. Claim[11]	
6-7	654-655	.	1. Richtig[2]	1. Angemessen[2]	1. Verständlich[2]	*[2]	*[2]	*[2]	Preis/Betrieb vorhanden[2]	*[2]	*[2]	*[2]	Contra A[2]	Pro B[2]	Contra C[2]	_	_	Hauptteil[6]	1. Claim[11]	

7-1	656-659	Der	1. Richtig[2]	1. Angemessen[2]	1. Verständlich[2]	*[2]	*[2]	*[2]	Preis/Betrieb vorhanden[2]	*[2]	*[2]	*[2]	Contra A[2]	Pro B[2]	Contra C[2]	_	_	Hauptteil[6]	2. Data[12]	
7-2	660-668	Windpark	1. Richtig[2]	1. Angemessen[2]	1. Verständlich[2]	*[2]	*[2]	*[2]	Preis/Betrieb vorhanden[2]	*[2]	*[2]	*[2]	Contra A[2]	Pro B[2]	Contra C[2]	_	_	Hauptteil[6]	2. Data[12]	
7-3	669-675	kostet	1. Richtig[2]	1. Angemessen[2]	1. Verständlich[2]	*[2]	*[2]	*[2]	Preis/Betrieb vorhanden[2]	*[2]	*[2]	*[2]	Contra A[2]	Pro B[2]	Contra C[2]	_	_	Hauptteil[6]	2. Data[12]	
7-4	676-680	etwa	1. Richtig[2]	1. Angemessen[2]	1. Verständlich[2]	*[2]	*[2]	*[2]	Preis/Betrieb vorhanden[2]	*[2]	*[2]	*[2]	Contra A[2]	Pro B[2]	Contra C[2]	_	_	Hauptteil[6]	2. Data[12]	
7-5	681-683	14	1. Richtig[2]	1. Angemessen[2]	1. Verständlich[2]	*[2]	*[2]	*[2]	Preis/Betrieb vorhanden[2]	*[2]	*[2]	*[2]	Contra A[2]	Pro B[2]	Contra C[2]	_	_	Hauptteil[6]	2. Data[12]	
7-6	684-693	Millionen	1. Richtig[2]	1. Angemessen[2]	1. Verständlich[2]	*[2]	*[2]	*[2]	Preis/Betrieb vorhanden[2]	*[2]	*[2]	*[2]	Contra A[2]	Pro B[2]	Contra C[2]	_	_	Hauptteil[6]	2. Data[12]	
7-7	694-698	Euro	1. Richtig[2]	1. Angemessen[2]	1. Verständlich[2]	*[2]	*[2]	*[2]	Preis/Betrieb vorhanden[2]	*[2]	*[2]	*[2]	Contra A[2]	Pro B[2]	Contra C[2]	_	_	Hauptteil[6]	2. Data[12]	
7-8	698-699	.	1. Richtig[2]	1. Angemessen[2]	1. Verständlich[2]	*[2]	*[2]	*[2]	Preis/Betrieb vorhanden[2]	*[2]	*[2]	*[2]	Contra A[2]	Pro B[2]	Contra C[2]	_	_	Hauptteil[6]	2. Data[12]	

8-1	700-703	Der	1. Richtig[2]	1. Angemessen[2]	1. Verständlich[2]	*[2]	*[2]	*[2]	Preis/Betrieb vorhanden[2]	*[2]	*[2]	*[2]	Contra A[2]	Pro B[2]	Contra C[2]	_	_	Hauptteil[6]	2. Data[13]	
8-2	704-713	Solarpark	1. Richtig[2]	1. Angemessen[2]	1. Verständlich[2]	*[2]	*[2]	*[2]	Preis/Betrieb vorhanden[2]	*[2]	*[2]	*[2]	Contra A[2]	Pro B[2]	Contra C[2]	_	_	Hauptteil[6]	2. Data[13]	
8-3	714-719	liegt	1. Richtig[2]	1. Angemessen[2]	1. Verständlich[2]	*[2]	*[2]	*[2]	Preis/Betrieb vorhanden[2]	*[2]	*[2]	*[2]	Contra A[2]	Pro B[2]	Contra C[2]	_	_	Hauptteil[6]	2. Data[13]	
8-4	720-723	bei	1. Richtig[2]	1. Angemessen[2]	1. Verständlich[2]	*[2]	*[2]	*[2]	Preis/Betrieb vorhanden[2]	*[2]	*[2]	*[2]	Contra A[2]	Pro B[2]	Contra C[2]	_	_	Hauptteil[6]	2. Data[13]	
8-5	724-729	etwas	1. Richtig[2]	1. Angemessen[2]	1. Verständlich[2]	*[2]	*[2]	*[2]	Preis/Betrieb vorhanden[2]	*[2]	*[2]	*[2]	Contra A[2]	Pro B[2]	Contra C[2]	_	_	Hauptteil[6]	2. Data[13]	
8-6	730-737	weniger	1. Richtig[2]	1. Angemessen[2]	1. Verständlich[2]	*[2]	*[2]	*[2]	Preis/Betrieb vorhanden[2]	*[2]	*[2]	*[2]	Contra A[2]	Pro B[2]	Contra C[2]	_	_	Hauptteil[6]	2. Data[13]	
8-7	738-741	als	1. Richtig[2]	1. Angemessen[2]	1. Verständlich[2]	*[2]	*[2]	*[2]	Preis/Betrieb vorhanden[2]	*[2]	*[2]	*[2]	Contra A[2]	Pro B[2]	Contra C[2]	_	_	Hauptteil[6]	2. Data[13]	
8-8	742-745	die	1. Richtig[2]	1. Angemessen[2]	1. Verständlich[2]	*[2]	*[2]	*[2]	Preis/Betrieb vorhanden[2]	*[2]	*[2]	*[2]	Contra A[2]	Pro B[2]	Contra C[2]	_	_	Hauptteil[6]	2. Data[13]	
8-9	746-752	Hälfte	1. Richtig[2]	1. Angemessen[2]	1. Verständlich[2]	*[2]	*[2]	*[2]	Preis/Betrieb vorhanden[2]	*[2]	*[2]	*[2]	Contra A[2]	Pro B[2]	Contra C[2]	_	_	Hauptteil[6]	2. Data[13]	
8-10	752-753	.	1. Richtig[2]	1. Angemessen[2]	1. Verständlich[2]	*[2]	*[2]	*[2]	Preis/Betrieb vorhanden[2]	*[2]	*[2]	*[2]	Contra A[2]	Pro B[2]	Contra C[2]	_	_	Hauptteil[6]	2. Data[13]	

9-1	754-757	Die	1. Richtig[2]	1. Angemessen[2]	1. Verständlich[2]	*[2]	*[2]	*[2]	Preis/Betrieb vorhanden[2]	*[2]	*[2]	*[2]	Contra A[2]	Pro B[2]	Contra C[2]	_	_	Hauptteil[6]	2. Data[14]	
9-2	758-775	Wasserkraftanlage	1. Richtig[2]	1. Angemessen[2]	1. Verständlich[2]	*[2]	*[2]	*[2]	Preis/Betrieb vorhanden[2]	*[2]	*[2]	*[2]	Contra A[2]	Pro B[2]	Contra C[2]	_	_	Hauptteil[6]	2. Data[14]	
9-3	776-779	ist	1. Richtig[2]	1. Angemessen[2]	1. Verständlich[2]	*[2]	*[2]	*[2]	Preis/Betrieb vorhanden[2]	*[2]	*[2]	*[2]	Contra A[2]	Pro B[2]	Contra C[2]	_	_	Hauptteil[6]	2. Data[14]	
9-4	780-783	mit	1. Richtig[2]	1. Angemessen[2]	1. Verständlich[2]	*[2]	*[2]	*[2]	Preis/Betrieb vorhanden[2]	*[2]	*[2]	*[2]	Contra A[2]	Pro B[2]	Contra C[2]	_	_	Hauptteil[6]	2. Data[14]	
9-5	784-786	59	1. Richtig[2]	1. Angemessen[2]	1. Verständlich[2]	*[2]	*[2]	*[2]	Preis/Betrieb vorhanden[2]	*[2]	*[2]	*[2]	Contra A[2]	Pro B[2]	Contra C[2]	_	_	Hauptteil[6]	2. Data[14]	
9-6	787-796	Millionen	1. Richtig[2]	1. Angemessen[2]	1. Verständlich[2]	*[2]	*[2]	*[2]	Preis/Betrieb vorhanden[2]	*[2]	*[2]	*[2]	Contra A[2]	Pro B[2]	Contra C[2]	_	_	Hauptteil[6]	2. Data[14]	
9-7	797-801	Euro	1. Richtig[2]	1. Angemessen[2]	1. Verständlich[2]	*[2]	*[2]	*[2]	Preis/Betrieb vorhanden[2]	*[2]	*[2]	*[2]	Contra A[2]	Pro B[2]	Contra C[2]	_	_	Hauptteil[6]	2. Data[14]	
9-8	802-805	mit	1. Richtig[2]	1. Angemessen[2]	1. Verständlich[2]	*[2]	*[2]	*[2]	Preis/Betrieb vorhanden[2]	*[2]	*[2]	*[2]	Contra A[2]	Pro B[2]	Contra C[2]	_	_	Hauptteil[6]	2. Data[14]	
9-9	806-813	Abstand	1. Richtig[2]	1. Angemessen[2]	1. Verständlich[2]	*[2]	*[2]	*[2]	Preis/Betrieb vorhanden[2]	*[2]	*[2]	*[2]	Contra A[2]	Pro B[2]	Contra C[2]	_	_	Hauptteil[6]	2. Data[14]	
9-10	814-816	am	1. Richtig[2]	1. Angemessen[2]	1. Verständlich[2]	*[2]	*[2]	*[2]	Preis/Betrieb vorhanden[2]	*[2]	*[2]	*[2]	Contra A[2]	Pro B[2]	Contra C[2]	_	_	Hauptteil[6]	2. Data[14]	
9-11	817-826	teuersten	1. Richtig[2]	1. Angemessen[2]	1. Verständlich[2]	*[2]	*[2]	*[2]	Preis/Betrieb vorhanden[2]	*[2]	*[2]	*[2]	Contra A[2]	Pro B[2]	Contra C[2]	_	_	Hauptteil[6]	2. Data[14]	
9-12	826-827	.	1. Richtig[2]	1. Angemessen[2]	1. Verständlich[2]	*[2]	*[2]	*[2]	Preis/Betrieb vorhanden[2]	*[2]	*[2]	*[2]	Contra A[2]	Pro B[2]	Contra C[2]	_	_	Hauptteil[6]	2. Data[14]	

10-1	828-832	Auch	1. Richtig[2]	1. Angemessen[2]	1. Verständlich[2]	*[2]	*[2]	*[2]	Preis/Betrieb vorhanden[2]	*[2]	*[2]	*[2]	Contra A[2]	Pro B[2]	Contra C[2]	_	_	Hauptteil[6]	1. Claim[15]	
10-2	833-839	dieses	1. Richtig[2]	1. Angemessen[2]	1. Verständlich[2]	*[2]	*[2]	*[2]	Preis/Betrieb vorhanden[2]	*[2]	*[2]	*[2]	Contra A[2]	Pro B[2]	Contra C[2]	_	_	Hauptteil[6]	1. Claim[15]	
10-3	840-849	Kriterium	1. Richtig[2]	1. Angemessen[2]	1. Verständlich[2]	*[2]	*[2]	*[2]	Preis/Betrieb vorhanden[2]	*[2]	*[2]	*[2]	Contra A[2]	Pro B[2]	Contra C[2]	_	_	Hauptteil[6]	1. Claim[15]	
10-4	850-853	ist	1. Richtig[2]	1. Angemessen[2]	1. Verständlich[2]	*[2]	*[2]	*[2]	Preis/Betrieb vorhanden[2]	*[2]	*[2]	*[2]	Contra A[2]	Pro B[2]	Contra C[2]	_	_	Hauptteil[6]	1. Claim[15]	
10-5	854-861	wichtig	1. Richtig[2]	1. Angemessen[2]	1. Verständlich[2]	*[2]	*[2]	*[2]	Preis/Betrieb vorhanden[2]	*[2]	*[2]	*[2]	Contra A[2]	Pro B[2]	Contra C[2]	_	_	Hauptteil[6]	1. Claim[15]	
10-6	862-864	zu	1. Richtig[2]	1. Angemessen[2]	1. Verständlich[2]	*[2]	*[2]	*[2]	Preis/Betrieb vorhanden[2]	*[2]	*[2]	*[2]	Contra A[2]	Pro B[2]	Contra C[2]	_	_	Hauptteil[6]	1. Claim[15]	
10-7	865-873	beachten	1. Richtig[2]	1. Angemessen[2]	1. Verständlich[2]	*[2]	*[2]	*[2]	Preis/Betrieb vorhanden[2]	*[2]	*[2]	*[2]	Contra A[2]	Pro B[2]	Contra C[2]	_	_	Hauptteil[6]	1. Claim[15]	
10-8	874-876	da	1. Richtig[2]	1. Angemessen[2]	1. Verständlich[2]	*[2]	*[2]	*[2]	Preis/Betrieb vorhanden[2]	*[2]	*[2]	*[2]	Contra A[2]	Pro B[2]	Contra C[2]	_	_	Hauptteil[6]	1. Claim[15]	
10-9	877-880	die	1. Richtig[2]	1. Angemessen[2]	1. Verständlich[2]	*[2]	*[2]	*[2]	Preis/Betrieb vorhanden[2]	*[2]	*[2]	*[2]	Contra A[2]	Pro B[2]	Contra C[2]	_	_	Hauptteil[6]	1. Claim[15]	
10-10	881-888	enromen	1. Richtig[2]	1. Angemessen[2]	1. Verständlich[2]	*[2]	*[2]	*[2]	Preis/Betrieb vorhanden[2]	*[2]	*[2]	*[2]	Contra A[2]	Pro B[2]	Contra C[2]	_	_	Hauptteil[6]	1. Claim[15]	
10-11	889-906	Preisunterschiede	1. Richtig[2]	1. Angemessen[2]	1. Verständlich[2]	*[2]	*[2]	*[2]	Preis/Betrieb vorhanden[2]	*[2]	*[2]	*[2]	Contra A[2]	Pro B[2]	Contra C[2]	_	_	Hauptteil[6]	1. Claim[15]	
10-12	907-912	einen	1. Richtig[2]	1. Angemessen[2]	1. Verständlich[2]	*[2]	*[2]	*[2]	Preis/Betrieb vorhanden[2]	*[2]	*[2]	*[2]	Contra A[2]	Pro B[2]	Contra C[2]	_	_	Hauptteil[6]	1. Claim[15]	
10-13	913-921	Einfluss	1. Richtig[2]	1. Angemessen[2]	1. Verständlich[2]	*[2]	*[2]	*[2]	Preis/Betrieb vorhanden[2]	*[2]	*[2]	*[2]	Contra A[2]	Pro B[2]	Contra C[2]	_	_	Hauptteil[6]	1. Claim[15]	
10-14	922-925	auf	1. Richtig[2]	1. Angemessen[2]	1. Verständlich[2]	*[2]	*[2]	*[2]	Preis/Betrieb vorhanden[2]	*[2]	*[2]	*[2]	Contra A[2]	Pro B[2]	Contra C[2]	_	_	Hauptteil[6]	1. Claim[15]	
10-15	926-929	den	1. Richtig[2]	1. Angemessen[2]	1. Verständlich[2]	*[2]	*[2]	*[2]	Preis/Betrieb vorhanden[2]	*[2]	*[2]	*[2]	Contra A[2]	Pro B[2]	Contra C[2]	_	_	Hauptteil[6]	1. Claim[15]	
10-16	930-934	Kauf	1. Richtig[2]	1. Angemessen[2]	1. Verständlich[2]	*[2]	*[2]	*[2]	Preis/Betrieb vorhanden[2]	*[2]	*[2]	*[2]	Contra A[2]	Pro B[2]	Contra C[2]	_	_	Hauptteil[6]	1. Claim[15]	
10-17	935-940	haben	1. Richtig[2]	1. Angemessen[2]	1. Verständlich[2]	*[2]	*[2]	*[2]	Preis/Betrieb vorhanden[2]	*[2]	*[2]	*[2]	Contra A[2]	Pro B[2]	Contra C[2]	_	_	Hauptteil[6]	1. Claim[15]	
10-18	941-948	sollten	1. Richtig[2]	1. Angemessen[2]	1. Verständlich[2]	*[2]	*[2]	*[2]	Preis/Betrieb vorhanden[2]	*[2]	*[2]	*[2]	Contra A[2]	Pro B[2]	Contra C[2]	_	_	Hauptteil[6]	1. Claim[15]	
10-19	948-949	.	1. Richtig[2]	1. Angemessen[2]	1. Verständlich[2]	*[2]	*[2]	*[2]	Preis/Betrieb vorhanden[2]	*[2]	*[2]	*[2]	Contra A[2]	Pro B[2]	Contra C[2]	_	_	Hauptteil[6]	1. Claim[15]	

11-1	953-956	Das	1. Richtig[3]	1. Angemessen[3]	1. Verständlich[3]	*[3]	*[3]	*[3]	*[3]	*[3]	*[3]	Wirkungsgrad vorhanden[3]	Pro A[3]	Contra B[3]	Contra C[3]	_	_	Hauptteil[6]	5. Nicht zutreffend[16]	
11-2	957-963	letzte	1. Richtig[3]	1. Angemessen[3]	1. Verständlich[3]	*[3]	*[3]	*[3]	*[3]	*[3]	*[3]	Wirkungsgrad vorhanden[3]	Pro A[3]	Contra B[3]	Contra C[3]	_	_	Hauptteil[6]	5. Nicht zutreffend[16]	
11-3	964-973	Kriterium	1. Richtig[3]	1. Angemessen[3]	1. Verständlich[3]	*[3]	*[3]	*[3]	*[3]	*[3]	*[3]	Wirkungsgrad vorhanden[3]	Pro A[3]	Contra B[3]	Contra C[3]	_	_	Hauptteil[6]	5. Nicht zutreffend[16]	
11-4	974-977	ist	1. Richtig[3]	1. Angemessen[3]	1. Verständlich[3]	*[3]	*[3]	*[3]	*[3]	*[3]	*[3]	Wirkungsgrad vorhanden[3]	Pro A[3]	Contra B[3]	Contra C[3]	_	_	Hauptteil[6]	5. Nicht zutreffend[16]	
11-5	978-981	der	1. Richtig[3]	1. Angemessen[3]	1. Verständlich[3]	*[3]	*[3]	*[3]	*[3]	*[3]	*[3]	Wirkungsgrad vorhanden[3]	Pro A[3]	Contra B[3]	Contra C[3]	_	_	Hauptteil[6]	5. Nicht zutreffend[16]	
11-6	982-994	wirkungsgrad	1. Richtig[3]	1. Angemessen[3]	1. Verständlich[3]	*[3]	*[3]	*[3]	*[3]	*[3]	*[3]	Wirkungsgrad vorhanden[3]	Pro A[3]	Contra B[3]	Contra C[3]	_	_	Hauptteil[6]	5. Nicht zutreffend[16]	
11-7	995-998	der	1. Richtig[3]	1. Angemessen[3]	1. Verständlich[3]	*[3]	*[3]	*[3]	*[3]	*[3]	*[3]	Wirkungsgrad vorhanden[3]	Pro A[3]	Contra B[3]	Contra C[3]	_	_	Hauptteil[6]	5. Nicht zutreffend[16]	
11-8	999-1007	Energien	1. Richtig[3]	1. Angemessen[3]	1. Verständlich[3]	*[3]	*[3]	*[3]	*[3]	*[3]	*[3]	Wirkungsgrad vorhanden[3]	Pro A[3]	Contra B[3]	Contra C[3]	_	_	Hauptteil[6]	5. Nicht zutreffend[16]	
11-9	1007-1008	.	1. Richtig[3]	1. Angemessen[3]	1. Verständlich[3]	*[3]	*[3]	*[3]	*[3]	*[3]	*[3]	Wirkungsgrad vorhanden[3]	Pro A[3]	Contra B[3]	Contra C[3]	_	_	Hauptteil[6]	5. Nicht zutreffend[16]	

12-1	1009-1018	Windparks	1. Richtig[3]	1. Angemessen[3]	1. Verständlich[3]	*[3]	*[3]	*[3]	*[3]	*[3]	*[3]	Wirkungsgrad vorhanden[3]	Pro A[3]	Contra B[3]	Contra C[3]	_	_	Hauptteil[6]	2. Data[17]	
12-2	1019-1024	haben	1. Richtig[3]	1. Angemessen[3]	1. Verständlich[3]	*[3]	*[3]	*[3]	*[3]	*[3]	*[3]	Wirkungsgrad vorhanden[3]	Pro A[3]	Contra B[3]	Contra C[3]	_	_	Hauptteil[6]	2. Data[17]	
12-3	1025-1029	eine	1. Richtig[3]	1. Angemessen[3]	1. Verständlich[3]	*[3]	*[3]	*[3]	*[3]	*[3]	*[3]	Wirkungsgrad vorhanden[3]	Pro A[3]	Contra B[3]	Contra C[3]	_	_	Hauptteil[6]	2. Data[17]	
12-4	1030-1037	Wirkung	1. Richtig[3]	1. Angemessen[3]	1. Verständlich[3]	*[3]	*[3]	*[3]	*[3]	*[3]	*[3]	Wirkungsgrad vorhanden[3]	Pro A[3]	Contra B[3]	Contra C[3]	_	_	Hauptteil[6]	2. Data[17]	
12-5	1038-1041	von	1. Richtig[3]	1. Angemessen[3]	1. Verständlich[3]	*[3]	*[3]	*[3]	*[3]	*[3]	*[3]	Wirkungsgrad vorhanden[3]	Pro A[3]	Contra B[3]	Contra C[3]	_	_	Hauptteil[6]	2. Data[17]	
12-6	1042-1044	45	1. Richtig[3]	1. Angemessen[3]	1. Verständlich[3]	*[3]	*[3]	*[3]	*[3]	*[3]	*[3]	Wirkungsgrad vorhanden[3]	Pro A[3]	Contra B[3]	Contra C[3]	_	_	Hauptteil[6]	2. Data[17]	
12-7	1045-1046	%	1. Richtig[3]	1. Angemessen[3]	1. Verständlich[3]	*[3]	*[3]	*[3]	*[3]	*[3]	*[3]	Wirkungsgrad vorhanden[3]	Pro A[3]	Contra B[3]	Contra C[3]	_	_	Hauptteil[6]	2. Data[17]	
12-8	1046-1047	.	1. Richtig[3]	1. Angemessen[3]	1. Verständlich[3]	*[3]	*[3]	*[3]	*[3]	*[3]	*[3]	Wirkungsgrad vorhanden[3]	Pro A[3]	Contra B[3]	Contra C[3]	_	_	Hauptteil[6]	2. Data[17]	
12-9	1048-1049	,	1. Richtig[3]	1. Angemessen[3]	1. Verständlich[3]	*[3]	*[3]	*[3]	*[3]	*[3]	*[3]	Wirkungsgrad vorhanden[3]	Pro A[3]	Contra B[3]	Contra C[3]	_	_	Hauptteil[6]	2. Data[17]	
12-10	1050-1060	Solarparks	1. Richtig[3]	1. Angemessen[3]	1. Verständlich[3]	*[3]	*[3]	*[3]	*[3]	*[3]	*[3]	Wirkungsgrad vorhanden[3]	Pro A[3]	Contra B[3]	Contra C[3]	_	_	Hauptteil[6]	2. Data[17]	
12-11	1061-1064	von	1. Richtig[3]	1. Angemessen[3]	1. Verständlich[3]	*[3]	*[3]	*[3]	*[3]	*[3]	*[3]	Wirkungsgrad vorhanden[3]	Pro A[3]	Contra B[3]	Contra C[3]	_	_	Hauptteil[6]	2. Data[17]	
12-12	1065-1067	21	1. Richtig[3]	1. Angemessen[3]	1. Verständlich[3]	*[3]	*[3]	*[3]	*[3]	*[3]	*[3]	Wirkungsgrad vorhanden[3]	Pro A[3]	Contra B[3]	Contra C[3]	_	_	Hauptteil[6]	2. Data[17]	
12-13	1068-1069	%	1. Richtig[3]	1. Angemessen[3]	1. Verständlich[3]	*[3]	*[3]	*[3]	*[3]	*[3]	*[3]	Wirkungsgrad vorhanden[3]	Pro A[3]	Contra B[3]	Contra C[3]	_	_	Hauptteil[6]	2. Data[17]	
12-14	1070-1073	und	1. Richtig[3]	1. Angemessen[3]	1. Verständlich[3]	*[3]	*[3]	*[3]	*[3]	*[3]	*[3]	Wirkungsgrad vorhanden[3]	Pro A[3]	Contra B[3]	Contra C[3]	_	_	Hauptteil[6]	2. Data[17]	
12-15	1074-1077	die	1. Richtig[3]	1. Angemessen[3]	1. Verständlich[3]	*[3]	*[3]	*[3]	*[3]	*[3]	*[3]	Wirkungsgrad vorhanden[3]	Pro A[3]	Contra B[3]	Contra C[3]	_	_	Hauptteil[6]	2. Data[17]	
12-16	1078-1096	WAsserkraftanlagen	1. Richtig[3]	1. Angemessen[3]	1. Verständlich[3]	*[3]	*[3]	*[3]	*[3]	*[3]	*[3]	Wirkungsgrad vorhanden[3]	Pro A[3]	Contra B[3]	Contra C[3]	_	_	Hauptteil[6]	2. Data[17]	
12-17	1097-1100	die	1. Richtig[3]	1. Angemessen[3]	1. Verständlich[3]	*[3]	*[3]	*[3]	*[3]	*[3]	*[3]	Wirkungsgrad vorhanden[3]	Pro A[3]	Contra B[3]	Contra C[3]	_	_	Hauptteil[6]	2. Data[17]	
12-18	1101-1108	höchste	1. Richtig[3]	1. Angemessen[3]	1. Verständlich[3]	*[3]	*[3]	*[3]	*[3]	*[3]	*[3]	Wirkungsgrad vorhanden[3]	Pro A[3]	Contra B[3]	Contra C[3]	_	_	Hauptteil[6]	2. Data[17]	
12-19	1109-1112	mit	1. Richtig[3]	1. Angemessen[3]	1. Verständlich[3]	*[3]	*[3]	*[3]	*[3]	*[3]	*[3]	Wirkungsgrad vorhanden[3]	Pro A[3]	Contra B[3]	Contra C[3]	_	_	Hauptteil[6]	2. Data[17]	
12-20	1113-1115	70	1. Richtig[3]	1. Angemessen[3]	1. Verständlich[3]	*[3]	*[3]	*[3]	*[3]	*[3]	*[3]	Wirkungsgrad vorhanden[3]	Pro A[3]	Contra B[3]	Contra C[3]	_	_	Hauptteil[6]	2. Data[17]	
12-21	1115-1116	-	1. Richtig[3]	1. Angemessen[3]	1. Verständlich[3]	*[3]	*[3]	*[3]	*[3]	*[3]	*[3]	Wirkungsgrad vorhanden[3]	Pro A[3]	Contra B[3]	Contra C[3]	_	_	Hauptteil[6]	2. Data[17]	
12-22	1116-1119	90%	1. Richtig[3]	1. Angemessen[3]	1. Verständlich[3]	*[3]	*[3]	*[3]	*[3]	*[3]	*[3]	Wirkungsgrad vorhanden[3]	Pro A[3]	Contra B[3]	Contra C[3]	_	_	Hauptteil[6]	2. Data[17]	
12-23	1119-1120	.	1. Richtig[3]	1. Angemessen[3]	1. Verständlich[3]	*[3]	*[3]	*[3]	*[3]	*[3]	*[3]	Wirkungsgrad vorhanden[3]	Pro A[3]	Contra B[3]	Contra C[3]	_	_	Hauptteil[6]	2. Data[17]	
12-24	1121-1125	dies	1. Richtig[3]	1. Angemessen[3]	1. Verständlich[3]	*[3]	*[3]	*[3]	*[3]	*[3]	*[3]	Wirkungsgrad vorhanden[3]	Pro A[3]	Contra B[3]	Contra C[3]	_	_	Hauptteil[6]	1. Claim[18]	
12-25	1126-1131	zeigt	1. Richtig[3]	1. Angemessen[3]	1. Verständlich[3]	*[3]	*[3]	*[3]	*[3]	*[3]	*[3]	Wirkungsgrad vorhanden[3]	Pro A[3]	Contra B[3]	Contra C[3]	_	_	Hauptteil[6]	1. Claim[18]	
12-26	1131-1132	,	1. Richtig[3]	1. Angemessen[3]	1. Verständlich[3]	*[3]	*[3]	*[3]	*[3]	*[3]	*[3]	Wirkungsgrad vorhanden[3]	Pro A[3]	Contra B[3]	Contra C[3]	_	_	Hauptteil[6]	1. Claim[18]	
12-27	1133-1137	dass	1. Richtig[3]	1. Angemessen[3]	1. Verständlich[3]	*[3]	*[3]	*[3]	*[3]	*[3]	*[3]	Wirkungsgrad vorhanden[3]	Pro A[3]	Contra B[3]	Contra C[3]	_	_	Hauptteil[6]	1. Claim[18]	
12-28	1138-1141	die	1. Richtig[3]	1. Angemessen[3]	1. Verständlich[3]	*[3]	*[3]	*[3]	*[3]	*[3]	*[3]	Wirkungsgrad vorhanden[3]	Pro A[3]	Contra B[3]	Contra C[3]	_	_	Hauptteil[6]	1. Claim[18]	
12-29	1142-1159	Wasserkaftanlagen	1. Richtig[3]	1. Angemessen[3]	1. Verständlich[3]	*[3]	*[3]	*[3]	*[3]	*[3]	*[3]	Wirkungsgrad vorhanden[3]	Pro A[3]	Contra B[3]	Contra C[3]	_	_	Hauptteil[6]	1. Claim[18]	
12-30	1160-1164	eine	1. Richtig[3]	1. Angemessen[3]	1. Verständlich[3]	*[3]	*[3]	*[3]	*[3]	*[3]	*[3]	Wirkungsgrad vorhanden[3]	Pro A[3]	Contra B[3]	Contra C[3]	_	_	Hauptteil[6]	1. Claim[18]	
12-31	1165-1173	deutlich	1. Richtig[3]	1. Angemessen[3]	1. Verständlich[3]	*[3]	*[3]	*[3]	*[3]	*[3]	*[3]	Wirkungsgrad vorhanden[3]	Pro A[3]	Contra B[3]	Contra C[3]	_	_	Hauptteil[6]	1. Claim[18]	
12-32	1174-1180	höhere	1. Richtig[3]	1. Angemessen[3]	1. Verständlich[3]	*[3]	*[3]	*[3]	*[3]	*[3]	*[3]	Wirkungsgrad vorhanden[3]	Pro A[3]	Contra B[3]	Contra C[3]	_	_	Hauptteil[6]	1. Claim[18]	
12-33	1181-1188	Wirkung	1. Richtig[3]	1. Angemessen[3]	1. Verständlich[3]	*[3]	*[3]	*[3]	*[3]	*[3]	*[3]	Wirkungsgrad vorhanden[3]	Pro A[3]	Contra B[3]	Contra C[3]	_	_	Hauptteil[6]	1. Claim[18]	
12-34	1189-1198	aufweisen	1. Richtig[3]	1. Angemessen[3]	1. Verständlich[3]	*[3]	*[3]	*[3]	*[3]	*[3]	*[3]	Wirkungsgrad vorhanden[3]	Pro A[3]	Contra B[3]	Contra C[3]	_	_	Hauptteil[6]	1. Claim[18]	
12-35	1199-1202	als	1. Richtig[3]	1. Angemessen[3]	1. Verständlich[3]	*[3]	*[3]	*[3]	*[3]	*[3]	*[3]	Wirkungsgrad vorhanden[3]	Pro A[3]	Contra B[3]	Contra C[3]	_	_	Hauptteil[6]	1. Claim[18]	
12-36	1203-1206	die	1. Richtig[3]	1. Angemessen[3]	1. Verständlich[3]	*[3]	*[3]	*[3]	*[3]	*[3]	*[3]	Wirkungsgrad vorhanden[3]	Pro A[3]	Contra B[3]	Contra C[3]	_	_	Hauptteil[6]	1. Claim[18]	
12-37	1207-1214	anderen	1. Richtig[3]	1. Angemessen[3]	1. Verständlich[3]	*[3]	*[3]	*[3]	*[3]	*[3]	*[3]	Wirkungsgrad vorhanden[3]	Pro A[3]	Contra B[3]	Contra C[3]	_	_	Hauptteil[6]	1. Claim[18]	
12-38	1215-1219	zwei	1. Richtig[3]	1. Angemessen[3]	1. Verständlich[3]	*[3]	*[3]	*[3]	*[3]	*[3]	*[3]	Wirkungsgrad vorhanden[3]	Pro A[3]	Contra B[3]	Contra C[3]	_	_	Hauptteil[6]	1. Claim[18]	
12-39	1220-1231	eneuerbaren	1. Richtig[3]	1. Angemessen[3]	1. Verständlich[3]	*[3]	*[3]	*[3]	*[3]	*[3]	*[3]	Wirkungsgrad vorhanden[3]	Pro A[3]	Contra B[3]	Contra C[3]	_	_	Hauptteil[6]	1. Claim[18]	
12-40	1232-1240	Energien	1. Richtig[3]	1. Angemessen[3]	1. Verständlich[3]	*[3]	*[3]	*[3]	*[3]	*[3]	*[3]	Wirkungsgrad vorhanden[3]	Pro A[3]	Contra B[3]	Contra C[3]	_	_	Hauptteil[6]	1. Claim[18]	
12-41	1240-1241	.	1. Richtig[3]	1. Angemessen[3]	1. Verständlich[3]	*[3]	*[3]	*[3]	*[3]	*[3]	*[3]	Wirkungsgrad vorhanden[3]	Pro A[3]	Contra B[3]	Contra C[3]	_	_	Hauptteil[6]	1. Claim[18]	
12-42	1245-1246	.	1. Richtig[3]	1. Angemessen[3]	1. Verständlich[3]	*[3]	*[3]	*[3]	*[3]	*[3]	*[3]	Wirkungsgrad vorhanden[3]	Pro A[3]	Contra B[3]	Contra C[3]	_	_	Hauptteil[6]	1. Claim[18]	

13-1	1249-1261	Abschließend	_	_	_	_	_	_	_	_	_	_	_	_	_	1. Trade-off[4]	Gesamtthese[4]	Schluss[7]	_	
13-2	1262-1267	lässt	_	_	_	_	_	_	_	_	_	_	_	_	_	1. Trade-off[4]	Gesamtthese[4]	Schluss[7]	_	
13-3	1268-1272	sich	_	_	_	_	_	_	_	_	_	_	_	_	_	1. Trade-off[4]	Gesamtthese[4]	Schluss[7]	_	
13-4	1273-1278	sagen	_	_	_	_	_	_	_	_	_	_	_	_	_	1. Trade-off[4]	Gesamtthese[4]	Schluss[7]	_	
13-5	1278-1279	,	_	_	_	_	_	_	_	_	_	_	_	_	_	1. Trade-off[4]	Gesamtthese[4]	Schluss[7]	_	
13-6	1280-1284	dass	_	_	_	_	_	_	_	_	_	_	_	_	_	1. Trade-off[4]	Gesamtthese[4]	Schluss[7]	_	
13-7	1285-1288	die	_	_	_	_	_	_	_	_	_	_	_	_	_	1. Trade-off[4]	Gesamtthese[4]	Schluss[7]	_	
13-8	1289-1307	Wasserkraftanlagen	_	_	_	_	_	_	_	_	_	_	_	_	_	1. Trade-off[4]	Gesamtthese[4]	Schluss[7]	_	
13-9	1308-1311	die	_	_	_	_	_	_	_	_	_	_	_	_	_	1. Trade-off[4]	Gesamtthese[4]	Schluss[7]	_	
13-10	1312-1317	beste	_	_	_	_	_	_	_	_	_	_	_	_	_	1. Trade-off[4]	Gesamtthese[4]	Schluss[7]	_	
13-11	1318-1329	möglichkeit	_	_	_	_	_	_	_	_	_	_	_	_	_	1. Trade-off[4]	Gesamtthese[4]	Schluss[7]	_	
13-12	1330-1332	im	_	_	_	_	_	_	_	_	_	_	_	_	_	1. Trade-off[4]	Gesamtthese[4]	Schluss[7]	_	
13-13	1333-1340	Bereich	_	_	_	_	_	_	_	_	_	_	_	_	_	1. Trade-off[4]	Gesamtthese[4]	Schluss[7]	_	
13-14	1341-1344	der	_	_	_	_	_	_	_	_	_	_	_	_	_	1. Trade-off[4]	Gesamtthese[4]	Schluss[7]	_	
13-15	1345-1357	erneuerbaren	_	_	_	_	_	_	_	_	_	_	_	_	_	1. Trade-off[4]	Gesamtthese[4]	Schluss[7]	_	
13-16	1358-1366	Energien	_	_	_	_	_	_	_	_	_	_	_	_	_	1. Trade-off[4]	Gesamtthese[4]	Schluss[7]	_	
13-17	1367-1371	sind	_	_	_	_	_	_	_	_	_	_	_	_	_	1. Trade-off[4]	Gesamtthese[4]	Schluss[7]	_	
13-18	1371-1372	.	_	_	_	_	_	_	_	_	_	_	_	_	_	1. Trade-off[4]	Gesamtthese[4]	Schluss[7]	_	

14-1	1373-1377	Zwar	_	_	_	_	_	_	_	_	_	_	_	_	_	_	_	Schluss[7]	_	
14-2	1378-1381	sin	_	_	_	_	_	_	_	_	_	_	_	_	_	_	_	Schluss[7]	_	
14-3	1382-1387	diese	_	_	_	_	_	_	_	_	_	_	_	_	_	_	_	Schluss[7]	_	
14-4	1388-1391	mit	_	_	_	_	_	_	_	_	_	_	_	_	_	_	_	Schluss[7]	_	
14-5	1392-1399	BAstand	_	_	_	_	_	_	_	_	_	_	_	_	_	_	_	Schluss[7]	_	
14-6	1400-1402	am	_	_	_	_	_	_	_	_	_	_	_	_	_	_	_	Schluss[7]	_	
14-7	1403-1412	teuersten	_	_	_	_	_	_	_	_	_	_	_	_	_	_	_	Schluss[7]	_	
14-8	1412-1413	,	_	_	_	_	_	_	_	_	_	_	_	_	_	_	_	Schluss[7]	_	
14-9	1414-1420	jedoch	_	_	_	_	_	_	_	_	_	_	_	_	_	_	_	Schluss[7]	_	
14-10	1421-1427	halten	_	_	_	_	_	_	_	_	_	_	_	_	_	_	_	Schluss[7]	_	
14-11	1428-1431	sie	_	_	_	_	_	_	_	_	_	_	_	_	_	_	_	Schluss[7]	_	
14-12	1432-1436	auch	_	_	_	_	_	_	_	_	_	_	_	_	_	_	_	Schluss[7]	_	
14-13	1437-1439	am	_	_	_	_	_	_	_	_	_	_	_	_	_	_	_	Schluss[7]	_	
14-14	1440-1448	längsten	_	_	_	_	_	_	_	_	_	_	_	_	_	_	_	Schluss[7]	_	
14-15	1448-1449	.	_	_	_	_	_	_	_	_	_	_	_	_	_	_	_	Schluss[7]	_	

15-1	1450-1461	Langfristig	_	_	_	_	_	_	_	_	_	_	_	_	_	_	_	Schluss[7]	_	
15-2	1462-1469	gesehen	_	_	_	_	_	_	_	_	_	_	_	_	_	_	_	Schluss[7]	_	
15-3	1470-1475	würde	_	_	_	_	_	_	_	_	_	_	_	_	_	_	_	Schluss[7]	_	
15-4	1476-1479	ein	_	_	_	_	_	_	_	_	_	_	_	_	_	_	_	Schluss[7]	_	
15-5	1480-1484	Land	_	_	_	_	_	_	_	_	_	_	_	_	_	_	_	Schluss[7]	_	
15-6	1485-1489	Geld	_	_	_	_	_	_	_	_	_	_	_	_	_	_	_	Schluss[7]	_	
15-7	1490-1496	sparen	_	_	_	_	_	_	_	_	_	_	_	_	_	_	_	Schluss[7]	_	
15-8	1497-1501	wenn	_	_	_	_	_	_	_	_	_	_	_	_	_	_	_	Schluss[7]	_	
15-9	1502-1504	es	_	_	_	_	_	_	_	_	_	_	_	_	_	_	_	Schluss[7]	_	
15-10	1505-1523	Wasserkraftanlagen	_	_	_	_	_	_	_	_	_	_	_	_	_	_	_	Schluss[7]	_	
15-11	1524-1529	kauft	_	_	_	_	_	_	_	_	_	_	_	_	_	_	_	Schluss[7]	_	
15-12	1530-1533	und	_	_	_	_	_	_	_	_	_	_	_	_	_	_	_	Schluss[7]	_	
15-13	1534-1538	baut	_	_	_	_	_	_	_	_	_	_	_	_	_	_	_	Schluss[7]	_	
15-14	1538-1539	,	_	_	_	_	_	_	_	_	_	_	_	_	_	_	_	Schluss[7]	_	
15-15	1540-1542	da	_	_	_	_	_	_	_	_	_	_	_	_	_	_	_	Schluss[7]	_	
15-16	1543-1546	die	_	_	_	_	_	_	_	_	_	_	_	_	_	_	_	Schluss[7]	_	
15-17	1547-1550	die	_	_	_	_	_	_	_	_	_	_	_	_	_	_	_	Schluss[7]	_	
15-18	1551-1556	beste	_	_	_	_	_	_	_	_	_	_	_	_	_	_	_	Schluss[7]	_	
15-19	1557-1565	Leistung	_	_	_	_	_	_	_	_	_	_	_	_	_	_	_	Schluss[7]	_	
15-20	1566-1571	haben	_	_	_	_	_	_	_	_	_	_	_	_	_	_	_	Schluss[7]	_	
15-21	1572-1575	und	_	_	_	_	_	_	_	_	_	_	_	_	_	_	_	Schluss[7]	_	
15-22	1576-1581	nicht	_	_	_	_	_	_	_	_	_	_	_	_	_	_	_	Schluss[7]	_	
15-23	1582-1584	so	_	_	_	_	_	_	_	_	_	_	_	_	_	_	_	Schluss[7]	_	
15-24	1585-1592	schnell	_	_	_	_	_	_	_	_	_	_	_	_	_	_	_	Schluss[7]	_	
15-25	1593-1606	ausgewechslet	_	_	_	_	_	_	_	_	_	_	_	_	_	_	_	Schluss[7]	_	
15-26	1607-1613	werdne	_	_	_	_	_	_	_	_	_	_	_	_	_	_	_	Schluss[7]	_	
15-27	1614-1620	müssen	_	_	_	_	_	_	_	_	_	_	_	_	_	_	_	Schluss[7]	_	
15-28	1620-1621	,	_	_	_	_	_	_	_	_	_	_	_	_	_	_	_	Schluss[7]	_	
15-29	1621-1622	.	_	_	_	_	_	_	_	_	_	_	_	_	_	_	_	Schluss[7]	_	
